2.92935573121463
4.000834287995443
1.0165505398159012
1.0825433016743486
0.5598883817333594
2.15974535536021
0.5411330705103875
3.1176633878595683
2.097897757279892
1.9896482101115263
0.45414755311462374
1.544498300419913
0.740337760755184
1.0010869093140715
0.993919010785084
0.9882180933377004
2.9413177319018087
0.6790434448545984
1.5178026880988187
0.4422103571830945
0.9441662989113729
1.5544774041458433
0.4223742416388575
1.1159973118247193
1.3648626304504055
0.7962254705797849
1.6118622769951532
2.137042348667897
1.9338110042090464
3.6916155000216366
1.9068232744541378
7.109256290217704
0.8069076774947677
1.462566237816257
1.1754998936622665
3.767947053768139
0.43560303029249003
0.5707451270050407
0.729143332959988
0.9910978760949899
2.8531342414965337
0.9777780934342925
0.772156072306629
0.9806885336333856
2.2769497139814043
3.1110609122934254
0.663664071650711
0.9898105879409453
1.911406550161425
0.6439720490828775
0.8939239341241513
1.5843216213887885
0.838868285251028
1.817230034970807
0.7411477585475112
1.1988431924150882
3.386181477712026
0.9608199623238476
1.2249795916667348
0.9488809198208171
4.704391565335522
39.09999584398955
2.5021290933922655
0.9440471386535738
1.0823700845829027
0.9322285127585404
4.216017077764273
0.0
1.5376199140229683
2.5666222939887358
2.483742136374064
0.5266640295292626
1.3799275343292488
0.631605098142819
0.7962254705797849
1.5453963892801097
1.4361145497487309
2.2011076756942174
1.0219955968593994
1.6920845132557654
4.500549966392996
1.348452817120421
0.6286095767644652
1.75808134055282
0.7962254705797849
0.4742098691507801
1.0911118182844506
0.36949289573684635
1.1016238014857886
0.9653237798790621
0.4419841626121913
1.8855171704336189
1.856582882609877
0.7962254705797849
1.5379125462782335
2.179610056867971
1.69849197819713
1.2976420924122336
0.802013092162466
1.600085935192232
0.5093623464686019
1.2415816525706234
2.111166739033182
1.272035769937308
1.0858982456933983
0.826347384578665
1.175925167687128
0.3003747659175118
0.7251896303726357
0.897552226892675
2.935715415363008
2.4453834055215147
1.941275353987682
0.6984268036093689
2.2192509997744736
1.041069161967638
1.2445681982117331
1.2159152931022785
0.7951886568607478
9.033609466874246
3.2296710358796608
1.58136017402741
0.6030339957249508
1.0988857993440446
2.2495332849282312
1.3636440151300486
0.6644734757685968
0.7962254705797849
0.7189923504460948
1.740071837597517
1.9301360055705918
0.63608175575157
5.510319863673978
0.47116875957558985
1.0541584321154007
1.3796557541647845
0.5898940582850449
5.135399205514601
0.5970343373709757
1.7948398257226186
0.7021751918146923
1.152291195835497
0.679540285781498
0.5792667779184303
1.74758404661979
0.7962254705797849
1.5801740410473777
0.6453100030218034
0.8268917704270614
1.2562543532262884
1.0586548068185397
5.768119277546192
0.6965091528472543
4.680194974571038
1.9653689221110626
2.2340602050974363
1.2097830383998611
0.9697422337920526
1.5545819373709449
1.8868492255609615
1.5970050093847545
0.7633151380655305
0.8947066558375432
4.996493770635564
0.6366317616958802
0.6280326424637497
0.7962254705797849
0.6441855322808795
0.6651691514193965
1.0203920815059278
0.6446316777819718
0.7517645908128422
1.5191280393699538
20.760515407860183
1.1860227653801592
0.41097445176069036
0.6218118686548207
2.6260712100017396
1.45722338713047
10.845346928521927
0.4107006208906921
0.5200480747007915
0.5486346689738081
1.316282644419503
2.766401091671271
0.4729693436154187
1.9344702117117234
0.5939065583069445
1.2558065137591858
0.7402026749478822
0.44760473634670134
3.0341473266801002
0.7080960386840192
1.4655118559738778
2.813076607559773
2.077823380367061
1.1502065031984474
0.9724068078741531
1.347905783057555
1.4716062652761437
0.8139410298049853
1.414946995473682
1.5236141243766415
1.6978000471198014
0.49527769988159165
2.789695323866031
7.171042462571254
0.9256214128897408
0.664529909033446
1.5472475561460746
2.0082019320775486
3.7788424153436195
0.6782145678175897
0.38291643997091585
0.5605354582896607
1.8852718636843866
1.6065335352864565
0.8632207133752062
2.283757868076211
1.5922860923841544
0.8756711711595855
2.106205118216172
1.2292375685765546
3.561899072124307
0.5691880181451469
1.5477322119798371
6.492880716600298
0.9832853095617772
17.63685629583685
1.7751056306597643
0.6201007982578316
0.8333816652650813
2.144119866052269
1.1654827326048207
0.5297640984438262
0.7352210551936064
5.764186846381717
1.4103545653487282
2.452192896164574
1.1406029107450146
0.8416501648547334
0.5328930474307204
5.089599689563021
0.5959236528281119
2.146258372144416
0.46338428976390644
0.40942032191868544
1.8157298807917437
12.575334985597799
6.679702463433532
2.2574709300453906
0.5478594710324902
3.5467238403912984
6.470372864062782
2.9845560808937734
1.596065474847445
0.632376470150495
6.0253423139270685
0.5554952745073535
1.460676213265623
4.769260949036024
1.2878179219128767
1.9452634782979914
0.6850729888121411
2.1907818239158368
2.6643432586661953
1.3309113419007292
1.6250076922894858
1.972086458550943
0.4779121258139408
6.10421370857869
2.2138371665504217
3.359750734801616
0.6942261879243681
1.0837089092556174
0.5014229751417459
0.8806673605851417
1.428355697996826
3.0895307086999475
6.573790763326743
1.2613881242504228
2.3262845913602233
0.48078061524982474
0.5860247435049137
0.7962254705797849
0.5824731753480155
0.3167412192942371
1.5416630630588515
1.9903517277104568
0.9833870041850258
1.3348408144793895
1.3198863587445702
2.334186153673267
1.5557474088038843
1.179512611208545
0.0
3.930327594488785
0.8157205403813245
1.0816307133213259
2.3024660692396752
1.5031550152928341
0.5106858133921481
1.007807025178928
4.978554006938159
1.2912009913255178
1.3921745580206528
2.3100270561186074
0.9651554278974968
1.1324310133513653
0.5188207783040305
1.5543246121708296
1.8959364440824487
0.669776081985614
1.6266914274071773
3.6727612228403848
5.618703142185036
0.9766908415665625
1.238285104489269
0.8542394277952756
3.45297697646538
1.5996718413474682
1.3961822946879108
0.6581413222097515
4.735981946756132
2.892719308885672
2.8325783307792216
0.5321184078755404
0.676720030736493
1.886073964615386
1.1184140557056674
0.6173127246380071
0.6357869139892705
0.9227133899537819
1.1908400396358865
9.401442708435765
0.5216799785308998
1.1833638493717813
5.220146070753193
0.0
3.6759352551425604
0.7235157220130051
0.45409250158970915
1.5023980830658699
3.91156298683787
0.8861856464646671
0.8350598780925832
1.881761143184756
6.070366545769703
4.227398727349953
5.219899424318442
0.9918543239810975
0.6334824385884742
1.3706476571314745
2.552831761005805
3.2708981946859796
1.9669583117087155
1.6674906296588297
0.7024599632719292
1.8793216861410396
0.652265283454516
4.310701799011386
2.306859336847394
0.455411901469428
2.233455842411038
12.728740118330643
0.8768979416100827
4.385983356101571
9.836769032563486
2.8543913536864562
5.222985257494032
1.7348486965727012
1.9678033438329148
0.7339618518697003
0.7932212806020776
1.4927240200385334
0.3323401871576773
0.3344772040064913
2.9266277522090163
0.741670411975562
1.3804437692278524
1.2431311274358792
14.42339072479145
0.925526876973327
2.991291527083243
1.7329671087473069
2.8339857092088523
1.2154217375051344
1.2496599537474185
1.3544648389677747
0.44494381667801614
0.7962254705797849
2.174246996088531
0.6690478308760891
0.7714434522374275
2.6297243201522096
0.40074929819027755
1.030412538743585
0.7443285564856423
1.7577826941917478
3.6330255985885924
2.831377756499475
0.44209727436391194
2.562542682571356
1.2068761328321975
2.573815261435832
0.9208012814934611
2.8251548630119374
7.893734857467662
2.3837365626259963
2.102421223256653
0.6009991680526688
0.6298015560476172
0.7203124322125781
2.8713324433092033
0.7336381942074717
1.2470866048514835
2.7354752786307537
1.5032215405588094
12.259249569202838
2.132434055252354
1.7047947090485704
1.9268886838631856
1.295115824936133
0.4361479106908573
0.8054657038012233
0.7406922437828009
1.0380390166077573
1.9870140915454022
1.4979068729397031
0.8078520904224981
0.6549618309489492
0.7962254705797849
2.3238007659866198
0.5227332015474051
1.4203168660548955
1.635259918178147
0.46416591861100703
1.5237864023543457
2.590241301500692
1.3115067670431595
2.717944995764263
3.2226037609361784
1.0776131031126153
1.72869170183697
2.7122545971940024
0.7962254705797849
2.524668295043925
0.5138093031466052
1.0240971633590243
1.6814130961783307
1.1736162064320688
2.3627579224287873
0.32210246816812815
1.3901528692917193
0.9032856690992058
1.7455872937209413
2.608754492090047
0.71773950706367
0.7111961754677819
1.154816002660164
1.3889114442612964
0.9721239632886333
0.4809885653526495
0.5831166264136189
0.8040988745173071
1.0769633234237832
0.3802959373961284
1.3359266446927391
2.0076354250709962
3.0679757169834314
0.9125787637239867
4.498433060522297
0.8459757679744734
1.0226680790950697
0.8447040901996391
0.5294572692862003
3.3126273560423303
1.5024812810813983
3.2736371210016544
2.1464854996016163
0.5418256177037036
0.6012279101971232
2.9614439045843834
1.3972383475985763
3.099786282955649
1.387885081698049
0.8601889327351289
15.162394270035323
1.7699858756498594
1.6983300621492867
0.688131528125256
1.1019187810360618
0.4821306876771069
0.3590960874195095
0.7962254705797849
1.3082335418418227
0.7529940238806679
0.5930640774823577
2.6587214972614186
1.1781659475642638
1.1432738079742752
0.9276313923105449
0.417672120209142
0.3894868418830089
0.39191835884530846
3.1754251683829677
0.6042971123545107
0.4633303357217181
0.8790904390334364
2.1582863572751414
1.0514870422406546
0.811480129146734
0.565619129803793
1.2750000000000001
1.646754383628597
2.899616353933741
0.641482657598785
1.8287495727955756
0.32225766088644037
0.44209727436391194
4.939703938496719
3.4793929068157854
0.47581509013481277
2.82689759276844
1.8344208895452536
0.757116239424304
0.3568262882692361
0.5002749244165652
0.6765722430014403
0.682477105843119
1.2117755567760888
1.6274135921762483
1.3911416175213795
0.4524102120863321
5.850683720728715
1.5734039532173547
1.4651706385264482
12.987571943977827
3.2353400130434515
0.7442613788179526
1.835755975068582
3.886241757791195
11.449272902678143
0.5568213357981175
0.5309896420835344
2.4226535039084727
2.248277118150696
1.2396269600166012
1.8752399846419658
2.043899459366825
0.45806658904574127
1.0371716347837516
3.064098562383397
1.4476360039733744
0.617636624561724
0.3790778284204973
1.5206084308591743
2.0161721156686996
1.0457652700295608
3.5499507038830833
1.997905152903911
3.0690144998028277
2.2727021362246305
2.244331749095931
1.2167682605985415
2.41479812820865
1.1879288699244581
2.398098204828151
1.4700170067043443
13.29597119431296
5.091586196854571
1.225
2.028842034264866
1.249779980636592
1.3573503600765722
0.9325368625421732
0.7119866571783491
1.1783462988442743
0.6431174076325411
0.6939560504815849
0.5286539510870981
0.2975735203273302
2.3595709355728216
0.816899626637202
4.2616047446941865
1.8785965506196374
1.2717311036535985
0.7820645753388911
0.4278434293056281
0.5407864643276493
1.4288806808127823
0.6976209572540091
0.8884959200806721
2.1814444755711753
0.41127849445357584
0.802807573457052
0.950013157803617
1.4954514368577803
2.8389214501285522
1.9871587757398752
2.9326864817092195
0.82365041127896
0.9113863066779092
1.508633487630445
3.513488295127792
1.9675492369951
0.5030656020838634
0.8756997202237763
1.1285278020500868
0.5838878316937252
0.5934222779774956
0.7665344088819497
1.7801264000064714
1.4656739064334878
2.676345456027678
0.5449770637375485
0.46443514078932485
0.6270765503509121
0.5166478491196881
1.8499391881897091
4.3650973643207545
1.7757111251552151
1.2633685131425432
0.48915743886810104
1.2325785978995416
0.7867337542015087
0.7728195132112025
4.044360270796854
3.6466697135880017
1.1715374513859982
0.6934695379034324
1.230772115381235
1.0390741070780274
2.912168436062722
0.4755523104769863
5.058618882659575
2.546541772679176
3.3132423696433677
2.213967027758092
0.8293973715897585
1.2657310140784257
1.514546136636319
0.8066287869894057
1.7031661692271838
1.1802648007968382
0.517880295048962
0.5458021619598076
1.4918780110987626
2.4981343038355646
0.9668376285602459
0.9126883367283708
3.619595971928359
2.228396284326466
1.8730122797248288
1.8083210445050957
0.5802801047769948
1.5293544389709013
10.923313370951142
1.6706585527868942
1.7986522732312658
0.8021845174272563
0.6605490140784407
2.8453997961622193
2.075620389184882
0.5859394166635319
0.49987498437109257
1.0715992721162142
0.8244240413767663
2.5485976536126684
1.3379275017727978
0.8684324959373642
0.5624499977775802
1.7065681937736916
1.472234695963928
39.4214716239767
0.9254458385016381
1.3678632972632903
1.3654211804421374
1.2726154171626243
1.1434596626029272
3.9704817088106577
1.258799030822633
2.4068340200354488
0.6806430782723056
1.8997236641153892
1.1880446119569754
1.918254414826146
1.5952821067134177
1.1647531927408483
15.59139907128286
0.7424284477308234
1.0109525211403352
1.9693717272267315
1.7970044518587036
2.2900218339570477
1.209659042871172
0.7459054899918621
1.5796202075182504
2.1861553009793244
0.49101934788763674
1.2880411484110281
0.8282360774561803
1.5982725049252395
2.8762301715961467
3.505930689560192
1.8778311958213922
11.674588857857051
2.1946070263261257
0.9001111042532471
3.7507432596753407
1.4147172862448525
0.8957678270623477
0.9906942010529788
1.0339970986419642
6.537639099858603
7.042474707089831
2.251599431515295
2.1695794523363277
1.0044650317457546
2.4995549603879486
9.47313174193202
5.272274177240785
1.8603494295427405
0.4836837809974612
1.4344598286463097
1.1245665831777147
0.9086253353280438
1.469455681536534
3.4317306129706626
0.8244088791370456
1.8182271585255787
0.8543857442630934
1.1468325945838826
1.895514442044692
0.6801102851743973
1.862001611170087
0.6096925454686157
1.6201928897510938
1.5110923201446032
0.7367156846436758
2.566398254363496
1.6446580191638625
0.7066116330771806
2.121715108114188
1.2360117313359125
1.3833022084851885
0.995339138183564
1.8650067024008252
1.8745399435594858
1.9959333656212073
0.5600223209837265
1.8475050744179298
1.7727168414611512
2.202152356218797
0.5806031346797914
1.175478625922224
1.41051409067758
1.3982131454109563
0.6248799884777877
1.5214713273670326
1.5932906200690444
0.677255490933813
0.5580322571321482
1.689578349766592
15.646511592045046
0.6578943684209495
2.4555803794622566
2.7403877462870105
2.078833807691226
1.2041490771495031
0.3922690403281911
1.5012328267127655
1.9605228894353668
1.1034491379306977
3.267437834144668
1.9121780774812789
0.7962254705797849
1.4098936130077333
0.7505331438384317
0.7825119807389533
0.9374166629626337
1.0853686009830947
0.6645487190567746
0.9464803220352761
17.544503412750103
2.50009999800008
1.752120144282349
0.959218431849597
0.5433921236087251
0.6876772498781678
2.140700819825134
1.1780598456784783
0.8427633119684317
1.6935170504013237
2.196889847033756
1.5198108434933606
0.4883902128421494
0.4240872551728005
1.3118307817702708
1.9650636122019052
0.4087786687193939
6.497693821657035
5.263705918837032
0.5746955715855134
1.0776826991280875
1.0903669107231748
1.8755932394845105
1.8608936025469054
1.9242271175721437
1.5430327281039764
2.1114154020466933
0.955
1.4068048905232027
0.5541660400998965
2.1538337911733114
2.3694725151391816
1.5750793630798419
0.8960608238283827
0.6690665138833358
1.9026757474672347
3.4336605831095186
1.5672826803100965
0.7359517647237488
1.4011780757633914
0.7881306998207848
0.6383572667401852
2.929718416503538
1.875146660930819
0.7738862965578341
2.4799798386277256
2.2375265361554932
0.812573073637073
1.1835222853837608
1.9892272368937642
2.1329439748854164
0.9796427920420789
0.46741309352648647
1.876812457332911
3.5840445030719135
5.565651354513683
0.8417541208690338
3.768544148606992
1.8569464181822801
1.0517960828982014
1.682691296702993
1.2125283501840276
0.7413501197140255
0.5643801910060274
1.1554760923532774
2.5207439378088368
1.8894046681428518
0.7518477239441508
0.757743360248046
2.079410974290556
0.44328320518603004
0.359513560244951
0.6809001395212076
1.4829868509194544
0.43191434335988427
0.5811411188343155
0.9462161486679458
2.080498738283684
9.029886488766069
4.3204918701462685
32.14039786623682
1.9890889874512905
1.3752727002307579
0.6193141367674405
0.5422637734534734
1.7172143139398763
0.7779942159168023
1.3753999418351013
0.7962254705797849
5.413284585166385
2.586063610973249
0.4747894270094902
1.3180477988297692
0.658464122029439
2.8501228043717695
0.36093628246547893
1.924688286450562
0.6141457481738354
0.9093954035511725
9.85325707570852
1.8607726889655276
1.8400339670777819
1.4147172862448525
1.1672938790210459
1.2419339757008019
1.504235686320465
1.5499354825282243
1.1518680479985544
1.7478415259971367
1.1448253141855311
1.6248999969228874
0.7035090617753263
1.260208316112856
0.8110332915485036
2.850991055755875
6.500953776177769
1.6071247618028912
0.6417748826496718
0.951814057471311
0.7401182337978169
1.312564284140019
0.8474373133158581
0.4405678154382138
1.2796093153771584
1.7262386856978962
0.799061950038919
0.8689792862893799
0.4633303357217181
2.2019990917345993
0.5500227268031749
0.6653006839016475
2.501734398372457
5.0751305401930304
7.345959773916544
1.0240117186829456
1.3877499774815347
0.8524670081592601
2.160162030959715
2.2931037918070785
0.7736601320993606
7.992613777732538
1.9427879451962842
2.355265377829004
0.47710061831861
1.8648793526660108
0.8469504117715512
1.9979864864407868
0.8395236744726142
0.33626626354720746
2.0093655715175376
3.4860615312986085
1.5952272565374503
1.507431590487608
45.204026092816115
0.7962254705797849
1.6549471290648532
7.335253915168854
0.5771914760285359
0.3032325840011261
0.8517335264036517
0.40215046935195786
10.088202267996019
1.9657250570718174
1.7906702655709676
4.167121308529427
1.8282642041018033
0.739340922714278
1.6652702483380888
1.9060954855410575
1.864168715540522
1.7945124686109037
2.6016100783937626
4.253075357902796
0.7412152184082569
2.823043570333267
1.5888360519575329
1.9415844045521173
1.2342710399259962
1.083535878501492
4.494660721344827
8.5824530292918
0.4734448225506326
1.634189401507671
1.3825248641525403
2.1648902974515822
0.7577268637180551
3.684840566428892
1.7335729001112126
0.6957729514719583
0.5590840723898329
2.2663682401586907
1.378160005224357
5.942055620742707
1.8859546654148396
1.0034440691936946
1.2426785585983207
4.396782914813967
9.056071168006577
1.0069756700139283
1.016698086946169
1.0560303025955269
1.0594810050208545
2.2726746357540932
0.8697844560579362
0.9631199302267605
1.5253114436075015
1.1519006033508272
0.8101851640211637
1.1592454442437978
1.718691362636119
0.8817879563704644
0.5490218574883882
5.160520807050389
3.3655460181076116
1.4609243649142143
0.3439113257803529
1.611745947722531
0.5677807675502932
1.0193502832687102
1.5633777534556388
2.6903438441953846
3.0744511705343442
1.5048920227046192
1.4922214983037874
2.2373142380988864
1.8894575941258909
1.8250890389238548
0.601435782108115
0.8265440097175709
0.8159503661375488
1.8893186602582424
0.8567234092751289
0.5570008976653449
1.0909857927580908
0.6041936775571224
1.4623952953972466
1.1596120040772258
4.290702156990159
0.981453004478564
0.3388214869219483
1.8095717725473064
1.8901058171435798
0.6483826030978931
0.0
1.8838192588462408
0.6976926257314177
1.9872090982078359
7.15119220829646
1.9269989621170014
0.5705479822065801
0.7313685801290619
2.928719856865795
0.6652443160223167
4.756947550688362
1.01017325246712
0.8192069335644078
0.48984691486218424
1.0777174954504543
1.1950627598582428
0.8351646544245033
0.8443636657270372
1.0823931817967074
1.307478489306803
9.524758527122879
3.3889858365003533
1.1984051902424322
0.5206486339173474
1.8728654516542291
0.5542788107081129
3.1039692330949418
2.7238575586840073
0.7865112840894274
1.0517010031372984
1.1544154364872292
0.5677367347635698
0.96033848199476
0.6691599210950997
1.6312112064352673
0.8358229477586745
0.5701973342624463
0.554188596057335
1.867980192614472
1.9439328692112803
1.11579568022107
0.7288861365124185
4.543542120416625
1.6366887303332909
0.6959885056522126
0.3952214569073901
1.1827615989708153
0.6445928947793328
1.8909918032609236
1.8868624751157674
2.2635812333556755
2.1159276925263772
2.4940328786926607
3.363933709216042
0.8592729484861024
1.8009580783571837
1.888663548650209
0.3064310689208912
0.8260145277172793
2.1638334039384826
0.5486802347451565
0.7962254705797849
1.739834762269107
5.157482428472249
0.8489846877299967
2.688772954341813
1.0677312395916867
1.1733605583962672
2.139649504007607
0.46965412805595563
0.6034277090091239
0.475
1.8178490036303896
2.8288734506866864
1.6204088990128387
17.534250768139483
3.564926366701001
1.5776644129852204
3.055920483258686
0.7377838436832295
0.0
1.5124070219355634
0.632435767489474
0.4017773014992261
0.4763926951581017
1.5454772725601629
2.011255826591933
1.0502856754235963
3.168714250291433
1.5192843710115629
0.4527416481835971
0.6132087735836792
1.0811105401391663
3.0961992829919716
1.41124058898545
2.230325088412001
1.3621765671160255
0.735170048356161
2.0826065398917772
6.525909898244075
2.1906391761310213
1.8713364208500833
0.4925951684700125
6.281353357358587
0.7813609921156801
1.871156059766261
0.869712596206356
1.0758601210194567
0.819664565538855
0.5558776843874919
0.7150174823037546
0.9246080250571049
3.9901253113154227
0.9352272451121172
3.5978257322999956
1.2486692916861535
4.509963968813942
1.1497717164724481
1.1077905939300983
1.2626163312740732
0.32825295124339704
1.0933663612897553
0.4807286136688766
2.527083298983237
1.621018198540658
0.8721095114720399
1.042401074443038
0.6563154729244162
2.1722396276654194
0.8878907590464044
0.6335219017524177
1.8976103393478863
1.578179330747935
1.5558277539625007
0.5902965356496682
3.9780617139506522
5.412032889774414
1.0241581909060729
0.9198505313364775
1.863860241541731
0.4645965992126933
1.1821273197079916
1.795786735667685
1.8715301226536538
0.5635822921277779
0.6935596585730747
3.4322696572384865
0.914904366587022
0.6848539990392113
0.7992652876235774
0.6335219017524177
4.338764224983883
1.9886490389206437
1.2497499749949987
0.4417295552710957
1.995601413108339
1.0931605554537724
0.9051381110084803
3.092895083897933
1.2909298973995451
1.4374108668018342
0.7962254705797849
3.484799133379139
0.5586367334860821
0.33102114736070865
1.074651106173534
0.6382201814421101
0.4074309757492673
1.1139681323987685
4.035018587317784
1.8660921735005482
4.287548833541141
36.59333921631094
3.2206909196630464
0.5583457710057452
0.542655507665775
14.06744024334207
2.4996799795173783
3.7241777616005387
0.7714596554584043
18.873261509341727
0.40252329125157466
0.7603617560082833
4.049774685090518
7.737937386668362
0.7962254705797849
0.7962254705797849
2.841874381460236
1.7823930542952642
0.4673596045873028
0.5905717568594014
0.6749259218610588
1.8514993923844534
1.03359808436355
2.498149314993001
0.9739481505706553
1.3690325050925563
0.7095421058682846
1.2159461336753368
1.756260231286924
0.9462954084217042
2.381690576040473
0.9536508795151399
1.5156186855538565
0.6757588327206682
1.0989312990355675
0.6702797923255631
1.561553713453367
3.62244047570143
1.0498690394520642
2.614483696640696
1.1682572490680294
1.2394252700344623
2.7910302757225693
0.36249137920783714
1.1120701416727274
1.111046803694606
0.7801762621356791
0.6534714989959394
0.3686461718233352
11.686955334902242
5.4965057081749675
1.2291968922837382
4.062456153609538
1.1030525826088255
0.9686459621554203
1.4903523073421265
2.072601022869573
5.817677801322448
9.24649933758717
1.4343203965641709
1.6474222288168872
3.199554656510809
2.562323164630098
2.5427691597941013
0.7009636224512653
0.7941032678436729
1.5404139054163333
1.1615506876585282
1.9153393955119284
0.49173163412576987
6.587349618776887
0.8399553559564936
3.850678511639215
0.3453983207834109
0.3558089374931439
0.3722566319086874
1.5624899999679998
9.58645659250591
2.4018118161088307
1.1169377780342107
3.369833081919637
0.9948869282486327
1.6892231942523166
0.8795879717231244
1.7631718577608935
0.8052018380505598
5.835162808354194
3.9037834212466245
6.251355852933026
1.3770893217217248
1.5411278337633123
0.5650221234606659
0.5544817400059266
6.0080029960045795
0.0
2.012902133736263
0.5047771785649585
1.429099366734168
0.45127596878185305
1.67901012504392
1.150901820313097
1.8732258272829787
2.6380959042460908
2.910154635066666
1.0690883967193732
0.5396295025292817
0.46208765402248086
0.8896347565152791
2.8192330517358797
0.7089428749906441
1.2402217543649199
10.864646795915641
2.5034276502427626
1.0568585525035978
1.5547507838878873
5.10586672368169
0.36424579613222713
6.17564571522687
3.030771353962552
8.851399606841847
0.8075580474492221
0.981172767661231
0.8300451794932611
0.5232590180780452
1.3168048450700658
5.49872485218164
0.0
0.7962254705797849
2.1179589231144216
0.5477225575051661
0.8936022605163888
2.082912624187582
0.800203099219192
1.5687016924833095
1.877851165561318
1.4240786495134319
1.8013467184304082
1.245110436868955
2.076704119512455
1.4634206503941374
1.3320754483136457
2.1230755992192085
0.4405678154382138
0.2951270912674741
0.645619857191521
1.9456104440509154
6.780848029560905
0.7917701686727027
1.9762274666647055
3.313468726274627
1.6234377105389661
2.2198085503033815
0.7962254705797849
0.4505829557362329
0.8699137888319739
40.63625290304213
2.519910712703924
1.2497999839974394
1.2467056589267573
1.8553099471516883
0.9558634839766608
0.7316249038954319
0.5405783939448561
1.289903097135595
0.7331609645909962
0.9261479363471044
0.7280624973173663
0.4417012565071555
2.2469701822676686
0.5626944108483751
1.4366279963859816
1.560416611036937
2.007984063681781
8.138863557033009
0.6072684743999148
4.345333704101447
2.7039877958304475
3.082121834061723
0.5500454526673227
0.4707971962533337
2.9006723358559476
8.691784914504039
1.3089595104509535
1.126188261348874
2.3233650165223714
2.3771516569205255
3.600999861149678
1.0701868995647443
0.8385403985497658
1.915757030523443
4.180140547876351
6.063272631178644
1.9048097017812566
1.5959558264563591
1.7798033599249103
9.621928081211166
2.5511908983845175
5.474178020488556
1.8506687980295122
2.1400525694477692
0.5044303718056636
1.1606894502837526
2.456954415531554
0.5362135768516123
1.5029720556284472
0.4358612164439502
1.0329085148259742
0.7666811592833099
1.2985472652160184
1.7314228253087114
1.577299908070751
2.803965941305279
2.4279672567808652
2.681515429752363
2.0486703004632054
1.4793495192144417
2.7123698125440048
3.691656132415369
1.5766340729541526
5.223959226487128
1.426052243082279
3.1349641146271514
1.6033168744823962
1.2469562943423478
2.015545831778578
3.4030574488245127
1.6213574559608994
2.0747469725246015
1.7515064944213026
0.49914927626913375
0.9335684227736069
1.0008121701897914
1.987265709461118
1.082635672791175
1.125433249908674
1.21701479037849
2.426355291378408
1.6834042889335883
2.0211321084976115
1.2201946566019701
1.043779191208562
0.7867019766086774
1.5895360958468354
0.9494208761134337
1.6569776703383785
1.8335348374110594
0.33826764551165694
0.7738378383098102
0.5617161204736784
0.4917062130988381
0.6645675285477014
8.91454569790295
0.6705035421233806
1.9532600953278085
0.7978095010715277
0.548270006474912
0.8886787946159175
2.2926840166058646
0.9622499675240317
1.8189351280350818
2.587489130411952
4.025158381977037
1.1692091344152251
0.572319840648566
1.1857803337886827
0.8116033513977132
1.0030329007565006
1.0152093380185192
0.9532444597268845
2.8504561038542584
1.3657324042432324
3.789452467045866
1.2038791467585108
2.2321850281730677
1.2823318603232159
0.7962254705797849
0.0
1.7702612801504753
0.5070995957403239
1.2461340216846661
0.7390027063549902
0.7006960824779884
1.6896375350944355
0.3433656942677879
2.521200111058224
1.1065147988165365
2.205379785887229
1.9219066054311797
1.3829407073334705
2.7798471180984037
0.6904346457123948
1.2019359383927248
0.7036156621338101
1.1372224936220705
1.1708543888972702
2.8166291910721934
1.5298529341083738
1.0811336642617322
0.794465228943344
1.1519548602267364
0.6603408210916542
1.5161052074311994
0.728319984622144
2.8167623257917946
0.3312853754695489
1.4702635818110983
1.6743058263053379
0.7700649323271382
0.6745739396092915
3.3265372386311864
2.3755894005488405
1.717250709710146
0.5794609564069007
0.8553361912137238
1.886975092575416
0.7962254705797849
2.10325343218548
1.792093747547823
0.8281606124418137
0.4911720676097125
0.695575301459159
0.49774491458979264
1.6861642861832888
1.183955235640267
3.0897046784442037
3.7474758171334477
0.7378007861204812
1.2120334153809458
1.5411846093184294
8.463981037313351
1.3246980788089036
1.2561448961007644
0.8472602905837143
4.803243695670666
0.9243105538724525
1.0423650991855014
1.274058475895043
2.416479877838837
1.77
1.3346722444105894
0.7873531609131953
2.273367546174617
1.2337645642504085
0.9193883836551341
1.225969004502153
6.113348100672821
0.42148546831415196
0.6904346457123948
1.0361828989131214
1.2961095632700192
0.6622310774948575
0.5326584271369411
1.3110873350009906
0.4910448044730745
0.46270941205037097
0.7271347880551445
2.3198814624889783
6.805927563528722
0.7087488977063738
2.001636830196727
1.5062702280799418
1.790209484948619
0.7063816249025735
6.492472564439529
0.568000880281008
1.0408890430780795
1.6331717607159388
1.3358424308278278
0.3854218468120353
1.428889428892243
0.46241215381951195
1.779143052146173
8.986079512223336
1.0091952239284527
0.46403124894774056
1.343679649321221
0.7962254705797849
0.6406637183421581
1.1405919515760228
2.2317705975301316
0.5195671275205929
0.8752999485890537
0.7030113797087498
0.5047028828924994
1.3599724261910606
0.38
0.7936938956549937
1.7510496851888584
1.5867970884772886
1.1511841729280332
1.4803631311269543
0.5845938761225609
0.8034923770640267
0.5296697084032652
0.7962254705797849
2.6669833145334825
1.0623323397129545
1.270492030671582
1.0270589077555388
2.124894115009028
2.0551338155944983
1.6547431824908663
1.1283062527523278
6.455298211546853
5.670914829196432
1.9115700353374447
1.800673485116055
0.5849572633962246
0.5240706059301552
0.4511651582292232
0.6222740553807462
2.1776994742158524
2.0519076489939794
0.5437140792732886
0.44852536160177164
1.3963702947284435
1.006392070715981
0.361144015594887
1.4297727092094044
1.8078025334643162
7.932030004986113
1.0535060512403334
0.7876230062663228
1.4341548033598046
1.0309097923678872
0.729160476164198
1.8513778652668396
2.5949036590979637
0.37114687119791273
8.800521291378141
0.8234227346873536
1.4797465999285146
1.734005478653398
1.859092520559426
1.1823810722436316
0.8476437931112337
1.273872050089804
1.5460999320871855
0.7468266197719521
1.6396950936073451
5.287357563093308
0.4720699100768868
1.183733500412994
4.467233483936115
0.7962254705797849
2.5700826834948325
1.1285056490775756
0.5862166834882815
3.079167907081392
0.2727636339397171
1.3926772777639478
2.824384888785521
0.4827266307134919
0.30671648146130004
1.470408106615303
0.7951729371652433
0.9055385138137416
1.1953033087881921
2.6529134927471723
3.129908145617056
5.353419467966246
1.5430084251228184
0.7927799190191437
1.3040705502387515
0.8833034586143088
1.0042534540642616
1.3005287386290239
2.1433676772779795
0.4175224544859833
2.3474933439735244
1.0134717558965323
9.811662703130393
1.4442904832477432
0.4987734956871706
0.6048966853934645
3.8152621141934664
1.8643430478321312
0.5582562135793923
2.133775995740884
1.1921094748386156
0.31725384158430614
0.8246665992993775
0.4181506905411015
1.2642389014739264
0.9213169921367999
0.6636264009214823
1.4195509853471273
0.7654410493303844
3.782095979744565
3.623165052823291
0.7962254705797849
0.9282645097169233
1.992065510970962
4.03452599446329
1.956233626129558
0.7487155668209391
0.8134340784599573
1.5083020254577661
0.7787489967890809
0.5631829187750637
2.1858407993264284
1.8862263915023563
0.0
1.0867727453336324
2.278085819278984
4.07670823091376
3.443820552816305
3.969899243053909
1.3547416727922708
0.5790725343167296
0.3344398301638129
1.7532327284191338
0.9028565777575085
1.329031602333067
0.799108878689256
1.9490061569938664
0.4197916149710473
2.572571670527373
0.7955344115750116
1.1005793928654126
1.849743225423464
2.604601696997067
3.572030235034412
2.039411679872409
3.8276330806387384
1.6252768994851308
0.8629600222490031
0.45414755311462374
3.991149583766562
2.0102860492974624
0.34420197558991433
1.4217506813784195
1.24994999899996
0.6951079052924085
1.1639802403821125
1.194560588668486
0.899277487764483
0.7962254705797849
3.2957965653237764
2.3852725211178702
0.8868060667361269
1.3533477010731574
1.154891769820878
1.1306524664988795
1.0618615728992173
1.2778986657790985
1.8733792995546843
0.5743692192309752
0.6185668920981788
0.5415948670362377
0.9406115032254284
1.082254591119853
0.39840306223722727
2.030492551082126
0.467520053045856
0.628708994686731
1.2677046185922018
1.6986023666532435
0.5898940582850449
0.8675252157718529
0.6552671211040578
0.378021163428716
0.8232101797232588
0.35517601270356086
1.3265933815604538
2.314373565351972
0.5485663132201977
0.6321787721839448
0.9978852639457103
0.547220248163388
1.1354294341789806
0.66183457147538
1.3341664064126333
3.1508371903352925
2.002991512712922
5.937082616908746
1.5697133496278868
0.9125513684171429
1.099045040023383
2.543703009393982
0.849146630447298
0.8534342388256989
0.725741000633146
1.524032479968849
1.682468424666567
0.5860674022670088
6.462056561188551
4.982592196838911
2.5134339060337356
1.6070158679988198
1.6887273314540745
0.4416446535394717
1.7373615052717153
0.6524185772952821
1.2090802289343747
2.555195687222409
5.236778589934847
0.6013734280794255
0.7391887445030532
1.577077994266612
4.470732602158174
1.7035184178634524
2.1956149480270897
0.39041644432579936
1.8983677199109765
3.3644241706419837
4.538488184406785
1.1993539927811139
1.1196651285094128
1.0171405999172385
1.1201450798892079
0.8034923770640267
0.957313950593012
0.667869747780209
3.59954163748664
2.1573884675690653
1.9903580079975562
1.2959938271457931
4.458761038674309
7.842840684343907
1.885503911425272
0.5418256177037036
0.6370439545274721
0.7962254705797849
0.9841112741961653
0.7999531236266285
1.8798603671549652
1.6175212517923838
1.56182585456894
2.7941635599942964
0.9359620718811207
0.9345185926454326
1.8568992972156566
1.5141086486774984
1.734373085584529
0.4001249804748511
3.8012925433331226
1.5089068891088013
2.612072931600494
3.0632458275495944
2.5089539653010773
0.6899456500333921
0.4731543088676251
4.549046603410433
7.804554759882206
0.7962254705797849
0.6205441160787846
0.8800426126046398
2.13690196312325
1.7190331584934597
6.5015036722284485
1.178526622524922
1.4956353165126852
1.3055171389146907
1.5459867399172607
1.0545141061171255
0.6080090459853372
0.859956394243336
2.5822954904503086
1.228729018132151
0.31733263305244863
1.337292039907514
0.47275786614291254
0.7962254705797849
2.388655479553299
0.7861456608033909
3.2356297686849156
0.4529624708516148
0.5561699380585039
1.1826136309040243
1.59895278229221
1.3352434235
1.0048134155155373
1.0096781665461525
4.255652123940584
4.810239079297411
1.8567242660125924
2.3670498516085376
4.277852849269128
1.1753191056049417
0.526853869683046
1.592906149150037
4.411340499213362
0.6627027991490605
3.3330354033523255
3.2637899748605146
1.8889679722006936
0.5696270709859215
0.7910120100226039
0.7639535326183131
0.7983420319637442
2.2444097219536365
7.582273735496497
0.4659130820228168
0.4793485162175846
1.5798101151720734
9.16306307956024
1.5074647591237416
1.5884111558409555
1.235839795442759
1.1198102517837565
2.464452271804021
0.44609416046390926
2.2178311477657626
1.1024631513116436
0.5729746940310715
0.7014092956327282
1.0224235912771185
5.713514680124661
0.5890458386237866
1.0687960516394135
0.4724669300596604
3.1611350809479815
0.8626268022731499
0.378549864614954
0.4048147724577254
0.32836717253708536
1.5397808285597012
1.9660429802016028
1.6779898688609536
1.3029102041199923
0.5875159572300994
1.836729430264567
3.7732446249878895
1.4184234205624215
2.521428166734083
6.259652546268043
1.0476640682967036
0.536353428254169
3.365449449924928
2.102450950676377
2.2192115717073935
1.9522038827950323
0.7881465599747296
0.6187689391040891
2.0632074544262387
1.747190602080952
1.6627612576674982
0.8072484128197466
2.494238360702521
2.4127888428124
1.4053469322555197
1.0394710193170371
6.820416043028461
0.8815611152949068
1.5973415414368963
2.6017686292212843
1.0951598056904754
4.242372567325977
1.2790621564255584
4.150304205717937
0.5303536555921907
0.7065585609133895
1.4819919028118878
1.2446987587364262
3.7444225188939346
1.6248999969228874
3.6471427172514104
0.6468771135231173
0.8547368015945025
2.107344300298364
0.6558963332722634
1.5611694334696666
1.1902310700027956
1.8709690002776636
0.8312640976248162
1.6193594412606487
0.7081136914366224
0.30108138434649195
2.975399132889569
0.9194427660273368
0.9343179330399262
0.9904544411531506
4.442319214104272
1.748013157845215
0.8991245742387425
1.517168415173477
1.1156724429688134
1.9366594951100722
1.1835645314050265
1.0172880614653845
7.625665544724605
1.6017022195152255
0.9933529080845337
1.640960084828391
3.6492533482892084
0.7962254705797849
0.5698903403287338
7.490305400983327
3.0557077739862497
0.7962254705797849
3.4357677453518307
1.899223525549323
1.0715526118674714
0.7962254705797849
1.7160856621975489
2.692173842826648
0.6907423542826949
5.554698461662883
0.7899367063252599
0.7962254705797849
0.7077428911688198
7.099436597364611
0.3761980861195336
1.8804853097006633
1.341892320568234
3.5870879554312576
2.1944931077586003
1.0618498010547444
1.9095614679815887
11.108809567185855
3.9704061505090382
1.8812097171766895
1.9804229346278537
8.906650605025439
3.7495266367903026
1.6882979594846403
0.24914855006601985
4.102785639050619
1.27849520922059
1.5276861588690263
1.139791647626881
0.7166414724253684
1.0276186062932104
2.2808112591795053
3.41434473947784
5.911698148586411
2.478502572118899
1.157400103680659
1.946824337222031
0.4331858723458096
0.6243997117231878
4.152691898034334
4.093879578101926
1.5338187637397058
5.097558239000316
1.9678795694858973
0.4054626986542658
3.588777647054774
1.1443120203860484
3.6808253150618273
0.7898734075787082
0.3155550665097932
2.251982459967217
0.29891470355270244
0.326266762021509
0.7893193270153722
1.0669348621167085
1.2206862823838072
1.0394349426491298
1.8734059891011345
1.8804853097006633
7.8720550048891305
0.8180922930818991
3.4043942192407743
2.416210876558584
0.830918166849179
1.5775376382197668
0.6532419153728579
0.8338315177540364
0.577775908116633
0.8689649014776143
3.081294370877278
2.1708581252583046
3.87
1.9095614679815887
1.4347212272772716
5.537361736422861
2.7194484734960507
2.0453606039033803
1.9366401317746156
0.8920762299265685
0.8793037018004644
0.9205161595539755
1.3798188286873028
8.906650605025439
1.8473562190330266
1.3498888843160388
1.526720341123416
0.4291852746774987
1.27849520922059
1.2023830504460715
7.95462286975316
0.604338481316555
1.580403429507795
1.2964277843366363
0.35422450508117026
1.8154820296549343
4.771498716336409
1.9046390734204734
6.7982736779273605
0.8176643565669229
0.8055277772988341
2.507414006501519
0.5080846386184097
1.8791553953837878
0.8975243729281116
0.8554969316134337
1.1518571960099915
0.48554093545240856
1.707549413633468
0.743589268346444
2.2703083491015046
1.6922100933394766
7.433416105667702
2.226768959726177
2.7723906651119714
1.9678795694858973
4.103343149189451
1.8936406734119333
0.5589722712263999
1.1248888834013784
0.5747173218200405
0.8099691352144228
1.9106150842071776
0.7038998508310682
1.5543085279313114
0.7898734075787082
0.5101715397785337
1.1761590028563316
4.379571896886726
3.445435386130467
0.7893193270153722
0.6000624967451307
0.5551126011900649
0.8302559846216105
1.5640012787718558
2.0846942221822364
1.59274919557349
1.0744998836668154
1.0089350821534555
0.577775908116633
1.9601658093130796
1.309608720190882
0.8069851299745244
0.8300451794932611
1.9366401317746156
0.5067297109899912
0.0
0.9577577981932593
7.702835516872991
1.2964277843366363
0.9116331499018671
1.3295393939255806
0.9256619253269521
3.5983398950071406
2.2703083491015046
1.1662761251093157
3.4472235204581674
1.2633190412560082
0.7962254705797849
0.7942291860665912
0.8730692985095742
0.7962254705797849
0.7962254705797849
0.9823568598019764
0.5747173218200405
0.955928867646542
1.2732537060617575
2.7875840794494433
0.7567364138192373
0.9716866778957093
3.3243608408233905
0.7093482924487801
1.3787675656179326
1.7876381065528895
5.034689662729968
2.7986737930669947
5.052650294647354
3.4426407015545495
1.7715318230277435
2.687247662572246
5.269034541545538
2.2061278294786093
3.200507772213653
1.5266548398377413
0.345470693402494
9.408316799513077
1.489588869453582
1.6945205811674287
1.6914269124026613
3.411945925714533
1.6337609984327572
3.8045893339491976
4.344090813967866
1.8189213836777003
1.3155797201234138
0.2790161285660741
1.6087961337596508
0.7962254705797849
0.7048226727340715
2.3514197838752655
1.0789462451855514
1.3046072205840347
1.1124859549675223
2.0751445732767633
5.627690467678549
1.1647317287684749
0.7791822636585102
0.7942291860665912
2.2014427087707733
4.343969958459658
0.8548537886679803
4.670195392058024
3.7727079134224
1.0613905972826403
1.46974487582029
2.569888129860909
9.984800949443109
2.5042963083469174
1.5754047099079018
3.1426262902228763
0.4444659717008716
0.7334166619323562
2.695037105495952
2.289628790874189
7.866504941840436
2.7870728372254643
1.5459948253470968
0.7962254705797849
0.980624800828533
0.7584358905009704
2.9422100536841347
4.50056385356324
5.034689662729968
4.297618526579575
0.7631841193316329
1.8631089608501163
1.2395563722558163
0.9595832428716125
2.4906424873915567
0.8814760348415606
0.0
2.7041357214459487
1.1646673344779614
0.46618129520606033
3.9125023961654004
1.6945205811674287
1.5119523802024983
0.6921524398570015
0.7962254705797849
0.5455501810099599
4.344090813967866
0.6283311228962003
1.567505980849834
0.7203991948912769
1.5365464522753616
0.7117759478937175
1.624222891108237
3.730951621235526
3.7798280384165626
1.6742908946775048
3.297552122408378
1.8854906523236863
1.5765151442342695
1.592662864513391
1.9097774739482085
1.1124859549675223
2.518625617276216
2.258472935414547
1.0329206165044824
0.8048912970084843
0.7829271996807877
0.9274696760541554
1.789734617198874
1.5975136932120488
3.7727079134224
0.35864327680858593
0.8272091633921859
2.8257698066190744
0.7962254705797849
2.5042963083469174
2.8819871616646733
0.7962254705797849
0.9376566535784834
2.7136737091993943
2.695037105495952
5.350107475555982
2.105813382045047
3.3227172615195535
2.3210073244175686
2.833562245654752
2.436590856093817
3.3016321721233575
2.88595738014268
0.5248571234155063
1.68505192798323
1.6822752450178895
0.8229975698627547
1.066419242136975
3.297552122408378
3.5225310502534963
2.33647169895122
1.5127127949482018
2.5489556685042603
2.5489556685042603
1.83238915080831
0.4759464255564905
0.642339474110069
0.0
0.469973403502794
2.5211901951261035
1.1733605583962672
2.2859461935924914
0.7898417563031218
1.9225503894566718
1.980871020536168
2.764656398180432
0.6783988502348748
1.7832344209329294
0.988003036432581
0.8979420916740678
1.3439773063560263
2.0715091117347275
3.4616975604463196
1.489236381505636
2.440819534500656
3.431304416690539
0.7112313266441517
2.3693564527103135
1.4511547126340458
2.4151500988551415
1.31222139900247
0.7962254705797849
1.8962924352535924
0.45356917884706405
2.88595738014268
1.3201893803541975
0.0
0.7356459746372571
1.966373565729564
1.142431617209538
3.747906082067692
2.833562245654752
0.835748167811333
3.2814859438979775
1.8647788072583835
1.2174255624061785
1.68505192798323
2.0644672436248537
0.7962254705797849
1.7686082098644686
2.3522064110107346
0.884604431370316
1.2479282831957932
0.7867178655655406
3.1768301811711623
1.4641977325484423
7.037391206974357
0.7338937252763509
2.4090869639761867
0.4439594576084623
8.750911381107684
0.5304950518148119
0.0
2.1535726131245263
1.0749186015694399
0.8829354449788501
0.7862092596758194
0.45806658904574127
1.7552563915280297
11.346100651765786
1.1062888411260416
0.3920459156782532
2.7183864699486717
0.9235935253129485
22.92195890407275
4.024950310252289
0.9214933532044601
0.7276503281109684
2.990050166803226
2.5489556685042603
0.9704895671773087
0.7476128677330266
1.2583421633244274
1.2653655598284632
0.0
0.757330839197771
5.788244552539224
0.8208836701993772
1.064788711435278
0.7870038119348597
0.9497762894492576
5.617078867169305
0.0
1.363653181714471
0.7898417563031218
1.0794674612974677
1.5246311029229334
0.6103072996450231
7.371595824514527
2.310514012076101
1.8203159066491728
0.8656644846590392
5.048390832730762
0.0
0.7962254705797849
0.0
0.8708903490107122
1.0192889678594583
1.3307516672918354
0.979157801378307
3.5752622281449513
1.4872541813691431
0.5948739362251467
0.5486346689738081
3.4616975604463196
1.4308651229238905
3.2692965604239697
1.9027085956604075
0.6211481304809666
2.3693564527103135
6.6993749708461605
3.1572258392455868
0.8399851189158055
4.09528692523491
2.7984727977952546
0.5000499975002499
1.1786326823909135
0.49563091106185053
1.2870314681467583
1.0500238092538663
0.686494719571826
4.258605992575505
1.2480384609458155
2.5851982515853598
0.0
0.3757326176950838
0.6830995535059293
0.7962254705797849
1.6020221596469881
0.884604431370316
5.438074107623029
0.7477131803037846
0.7861774608827196
2.1299178387909707
1.5201809102866672
1.7155247010754464
1.829685765370655
0.7748064274384925
8.750911381107684
0.6926037828369117
1.1926546021376012
1.6133195591698501
1.313002284841881
0.8122499615266227
1.3989460318396847
1.6046806535881213
3.7192136265614
11.346100651765786
1.802609219991954
2.1759997702205762
4.470548064835004
1.3816566143582856
22.92195890407275
1.2125386591775127
2.5253861090930236
0.49386232899462984
1.162916592021973
0.7870038119348597
2.7137197718261183
1.2576068543070207
4.414781987822275
0.982089608946149
2.310514012076101
2.3708279144636375
3.9785550140723203
22.80974791618706
2.120306581605594
0.979157801378307
0.738190354854356
1.5514912181511051
2.693473593707575
0.8306774343871393
2.7984727977952546
5.950710041667297
1.0248658448792212
0.630416528971124
0.6122499489587566
1.0500238092538663
0.45052746864092535
0.9657639463140049
0.8341462701469089
0.3326033673912518
2.3206949390214993
0.7206420748193932
3.5677408818466625
1.565175708986055
2.4176951834340077
1.962906008957128
1.9243765224092713
1.8561182613184968
1.0356278289038008
0.7779942159168023
1.1597952405489513
1.3548708425528981
1.3895772738498569
0.2513463745511361
0.8068612024381888
3.5480240980015907
1.8642156527612357
4.36547248301945
0.7647058257918531
2.6703417384297463
0.6132495413777331
3.503822912191768
1.8733459370869012
0.8205638305458022
2.175965303032197
0.48155996511338023
1.518634254848744
0.8794600616287246
1.2405543115881708
4.302946664786818
1.687646289955333
1.2416621923856745
6.699998134328099
1.1271424044902223
0.6072684743999148
3.5610181128435725
1.034540961006378
1.087830409576787
0.511419592898043
2.665492449811104
0.41922547632509166
1.8818076416042102
0.7898575820994567
4.8328149147262
1.9067446079640555
5.424195792926358
1.4770663492206435
0.7960684643923536
0.5907198997833067
0.5775162335380712
1.1870867702067949
1.0966312051004201
5.822621832130265
1.1680004280821132
1.6679328523654662
2.1133918235859626
0.4866466890876789
1.3749636358827821
0.6777905281132217
0.34307433596816883
1.7163187349673719
0.801654539062806
0.3533058165385903
2.3518237604038275
2.896933723784512
2.3198599095635064
1.0400120191613171
1.8045567322752698
1.9862527533020564
1.893561459261357
3.2667070575734214
0.6757588327206682
1.7225126995177713
0.6137792762874941
3.485448321235017
0.8564169545262401
0.7962254705797849
5.230628547316278
0.9539785112883833
1.8713764987302797
0.6323171672507397
0.6356886030125127
1.644680820098538
1.0513443774520317
0.48288197315700243
0.7482646590612174
1.0804975705664497
0.4578209256903839
1.0133730803608314
0.44511234536912136
1.6173589583020833
2.143151884491624
0.886651002367899
3.6130527258815364
1.29801771944762
0.5678027826631357
0.5620720594372219
0.6809001395212076
2.277657788167485
1.3253961671892671
1.6548338285157214
2.120412695679782
0.3007490648364513
1.1959933110180843
0.8526869296523784
1.4237450614488536
1.225979200476093
0.7917385932237988
0.5131033034389858
3.445253981929344
0.5518151864528558
0.8978446413494932
3.181972658587751
0.5058161721416191
0.525
1.4081459441407342
0.5174456493198102
0.7903480246068817
5.737259798893545
3.153101647584486
0.505
1.0720541031123383
0.789461842016446
3.0698412011047087
0.3237282811247729
2.981417448127652
1.1811964273566018
1.8269646958822165
2.0095646294657956
4.400142043161789
1.9133413182179493
4.283517830008415
3.1783486278254625
1.3146482419263337
0.6164616776410355
0.7962254705797849
3.538756843864806
0.75871602065595
0.7629711659034042
0.7127411872482184
0.6723466367878997
0.7879562170577753
2.771087331716559
1.855431216725643
0.6780117993073572
0.6862033226384145
1.4006784070585225
2.1036694131921014
0.8926785535678563
0.5428397553606404
17.92676281429528
0.7115827429048571
2.11094173297133
1.649545391918634
1.7337747835287027
10.512585314754881
0.7962254705797849
1.0338641109933162
2.194720938980626
0.9276179170326542
0.7848088939353325
2.074777096461208
4.134730946506677
0.371685350800916
0.7962254705797849
1.4200176055246638
4.056990879950311
9.519199020926077
5.246949113532549
0.5339007398384086
0.7294347126371215
0.8519976525789258
1.6946533568845281
0.9265932225092087
1.7046847215834369
1.441951802245831
1.791089054179049
5.0876738299541175
1.0467927206472158
0.8189627586160435
1.8719107884725703
0.5563047725842373
0.47712681752339176
2.6604839785272154
1.8693381181584032
1.310238527902458
4.9577262933728
1.4354528902057357
2.183586499317121
2.619394013889472
2.529150054860328
1.0681526108192592
1.7896228652987198
0.8564169545262401
0.8628441342444185
0.5655749287229765
1.9649809159378622
1.6856749390081114
3.491715194571287
1.69799882214329
1.7455872937209413
1.897168943452322
0.0
0.6128417413982178
2.315664051627524
1.9781620257198347
4.939157316789981
2.652093512680124
0.5786190456595773
0.7962254705797849
0.4008116764766216
1.124522120725066
3.280327727529675
1.8733859719769441
0.6034069936618236
1.8304439352244581
1.6038001745853503
4.0646463560806865
1.492866370443115
0.5637153537025579
1.6997941051786243
1.8011662888251045
5.673272864934314
1.1740315157609698
2.1193984995748205
0.6891298861608021
0.7553641505922822
0.5344155686354956
1.6233530115165955
0.718592374020209
0.863437895855863
0.9671737175916227
1.5457198970059227
0.365991803186902
2.287515027273045
2.2336908917753147
0.4782520256099288
3.1133944497927017
0.5898304841223451
0.7992183681572891
0.35099857549568486
1.977176016443655
0.7962254705797849
1.546770829825802
0.9544239100106409
1.9485635735074183
1.3368152452751279
3.1219144767273814
6.6138963554020105
0.48365793697612364
1.3058617844167124
0.7145103218288732
1.2939764294607534
4.549318630300586
5.561261097988477
0.8263625112503592
0.8053725845843028
0.7962254705797849
2.3212550484597765
0.5671639974469466
1.9274010999270494
0.8831760866327847
1.940264157273437
1.0691117808723276
1.8546495625858812
0.6952517529643488
5.232528069681041
3.6184319808447416
0.3088284313336452
6.272067043646775
3.731011927078229
1.6522257714973458
0.6469737243505334
19.305801589159667
0.6510952311298248
1.1913018089468344
0.6212084996198941
1.8932973881564408
0.8088726723038676
1.8208514491852432
2.983270017950102
4.30031103526245
0.7068769341264433
0.4219597137168429
2.4749545450371406
0.43171170936169895
0.6674578638386097
2.872977549512004
1.1753084701473056
0.7903005757305255
2.733070617455758
0.467493315460232
0.48373546489791297
3.187432352223338
0.8862420662550385
2.5979751730915366
0.433589667773576
0.857292248885991
1.8859281534565415
0.6081734949831339
1.895962816091075
1.1375741734058489
0.8934623663031365
1.5974510947130744
0.757479372656444
41.71035333103761
1.450999655410021
0.9421119890968377
1.7688696955965977
3.8672826377186347
0.2513463745511361
0.8341312846309027
0.5616271004857226
0.42714166268347087
3.579577489034146
1.7453294817884673
1.6960026532998114
1.1835011618076257
0.9129211356957402
1.315532211692287
0.6997320915893454
0.7713948405323956
4.5292659449407475
0.5121279137090654
1.2904940914239011
1.194309423893155
3.636155249710881
1.6492877250498168
0.9770363350459388
2.9105540709631215
0.6157109711544858
2.7546869150594957
1.1457093872356987
0.7847770384000795
0.6130456752967107
3.724281809960143
0.2825331838917333
1.5839034061457158
0.7942291860665912
0.7962254705797849
0.6817257513105985
0.38723377951826465
1.6234146112438437
0.9716866778957093
2.7239998164463963
0.445
2.1169258371515993
0.5542788107081129
5.034689662729968
1.2048755122418249
1.2539039038140045
1.5488786266199168
0.9110707985661707
0.5687266478722445
0.7976214641043707
9.204900868559095
1.6060977554308455
0.5520190214114002
2.5400492121216867
1.3473214167376693
1.674873129523547
1.6945205811674287
1.2865943416632921
0.7962254705797849
2.375962962674292
1.8714833688814871
4.344090813967866
1.6406096427852666
0.7962254705797849
1.7614269783331922
2.3067130293991926
0.7117759478937175
0.794764115948877
0.5625611077918558
1.8109320804491813
0.43763569324267876
1.1124859549675223
1.3165390233487193
1.3666565040272556
0.6532610504231827
0.4624932431938871
3.7727079134224
1.1381014893233379
2.3818690140307885
0.5610481262779513
1.9004473157654227
2.5042963083469174
1.0603183484218313
3.1551862068664027
0.6202015801334273
1.9200651030629143
2.695037105495952
2.029316387358068
0.7962254705797849
2.018080771426159
0.712442980174554
3.297552122408378
1.177030161040914
2.4856286931076412
1.2881090792320347
0.6703543838895961
1.4057827001354086
1.80783019114075
0.35693136595149494
0.5420332093147061
2.833562245654752
0.8437268515343103
0.2024228247999716
1.5696655694765047
0.618869937870632
1.68505192798323
1.2874004815907132
2.0048378986840807
3.0381120782485955
1.1195199864227525
2.5489556685042603
0.5828164376542584
0.9179596941042673
2.0520173001220043
1.4782252872955461
0.0
2.564834302640231
0.31941352507368875
16.80950921353744
1.9470747289202848
0.7898417563031218
0.4447752241301217
7.125533313373814
0.42652666974059195
0.4000312487793922
1.7832344209329294
2.300576014827591
0.5383075329214705
1.3689685898514983
1.6494847680412208
3.4616975604463196
2.079645402466488
0.8417838202293983
1.4320352649289052
0.0
2.3693564527103135
0.8641614432500445
0.7389350445066196
2.503058129568708
0.6081734949831339
0.0
2.8515522088855394
2.8426044395940844
1.5110344139032703
1.9923478611929193
0.884604431370316
1.6956857020096618
0.7962254705797849
0.41904653679513926
0.7962254705797849
0.7173911067193404
0.45787552893772343
0.9099862636325892
0.47780749261601163
8.750911381107684
1.8461107767412008
2.0057791503552926
2.1993692277559944
24.071098853189067
0.9843398803258964
1.7322384362436944
20.55208383595201
1.8833414454102582
11.346100651765786
1.0622028996382942
0.8765985398116974
2.8640312498295124
0.31144823004794875
22.92195890407275
2.2640229680813753
1.0822199406774946
3.349070766645578
0.3582596823534571
0.7870038119348597
1.8024913314632056
2.4335159748807897
2.3376109599332393
0.5379823417176441
2.310514012076101
3.0584554925648337
1.2837250484430067
0.7361215932167728
1.239041968619304
0.979157801378307
0.5346260375252967
3.1248279952662994
3.7170889147288366
10.134422775866419
2.7984727977952546
0.9377766258550061
2.3269185632505494
1.8620754549695349
1.1657079394084953
1.0500238092538663
1.1985512087516328
2.724064059452347
0.8496322733983215
1.4626175166460984
2.3206949390214993
1.926823811353804
3.3330954081754096
3.8877499919619316
1.2108571344299872
1.400874726733265
1.4560734871564691
5.021366845790098
1.2240506525466992
0.7779942159168023
0.5422637734534734
2.4574173434726143
5.133088738761487
0.587260589517124
0.7962254705797849
1.1695084437489112
0.5331744555021367
0.4670920680122924
0.9579796448776978
2.6703417384297463
2.293038377350017
0.37128156431473947
17.642274513225328
3.0853930057611785
2.175965303032197
1.2056533498481228
7.536555911024611
1.8509727172489605
1.2042736400004777
4.302946664786818
1.7255506367533815
1.7294580075850352
2.4809574764594413
0.9878385495616174
1.1629380894957393
0.5586814834948443
1.2400302415667128
0.7608219239743292
2.63114043714888
1.380054346755953
1.4360884373881715
0.7962254705797849
0.7898575820994567
2.44482616968978
2.754741367170428
0.9099175786850148
2.1828937216456508
0.7960684643923536
0.5661492736019362
1.600124995117569
0.8154140052758476
4.0763004060054255
5.822621832130265
0.434856298103178
3.028502105001745
0.7962254705797849
0.7962254705797849
2.43620606681783
2.733308434845947
2.212504237284078
3.1571941657110667
1.3604686692460066
0.5866216838815286
1.4248771876902233
0.6747962655498324
1.0625794087972908
0.9730621768417473
1.6139237900223171
1.7271725449415873
0.568792580823625
2.0057853823378013
1.5331421982321145
3.0716892746500255
1.6062534046656523
1.2754214989563255
1.567226850203888
0.7282341656363014
5.230628547316278
1.9528824849437305
2.1103080343873972
1.2037753112603697
4.560364568759827
1.644680820098538
0.7438077708655645
2.5341862599264484
1.2429802894656052
3.0278498972042853
0.4578209256903839
0.9830946037894827
1.1750106382497139
2.545692440182042
1.1261993606817577
0.886651002367899
0.8101851640211637
0.5562598313737924
0.9893558510465281
2.074313139330704
0.6809001395212076
0.5909103146840474
0.9773561275195445
2.019585353482244
0.53
0.3007490648364513
2.6092575572373073
0.4546152219184923
0.861466772429442
0.5524943438624508
0.7917385932237988
1.1218177213790126
1.0485466131746362
2.989498285666008
2.5139411289845275
3.181972658587751
0.36131703530279335
1.5476514465473161
0.87
1.7925331238222628
0.7903480246068817
0.4058016756988566
0.44116323509558225
1.118291107002108
2.8121210855864653
0.789461842016446
0.7962254705797849
0.7318469785412794
0.8115879496394707
0.5518151864528558
0.7887965517166007
1.8382396470536697
0.6925676862227981
0.6896194602822632
0.7382242206809527
1.8022208521710097
0.8110332915485036
0.4888506929523574
0.9321078263806178
1.959642824598401
10.496431536479434
1.699058562851793
0.7962254705797849
0.7278049189171505
3.041541549938123
0.7887965517166007
1.3788944847231785
0.7762409419761367
0.7138977517824244
11.0538488772011
0.7890659034580064
2.098821097664115
3.9115565955256226
0.5044551516240071
2.069861106451348
0.3047129797038518
0.7493830796061518
1.135693620656557
2.1161580753809486
1.747913041315271
0.6554769256045555
1.1119240081948047
1.1514881675466753
1.7321013249807298
1.751335204922233
1.8269646958822165
0.3542950747611375
1.7812635964393366
1.8912561962885936
0.7962254705797849
3.1783486278254625
0.7242927584892728
3.2149066860486015
2.5343490288435016
1.2656816345353203
0.75871602065595
1.0011743104974278
2.9533286305455406
1.5951488958714795
0.43203009154455896
2.771087331716559
1.722614292289484
0.7962254705797849
1.5354559583394114
0.7962254705797849
2.1036694131921014
0.49249365478146007
4.788381772582466
2.1487554537452604
2.0412006270820124
2.11094173297133
0.7709896237952881
0.7760154637634484
0.446710196883841
0.28561337503695444
1.0338641109933162
1.9618167600466665
2.1181713811682
1.1347246362003427
0.6312685640834652
4.134730946506677
0.3962007067131506
0.7407597451265828
0.864175908018732
0.7662734498858746
9.519199020926077
3.0139260110361037
0.9082262933872813
1.48758193051677
1.2318786466206808
1.6946533568845281
1.6262149304443125
0.31452344904633106
5.408077292347069
0.5139795715784821
5.0876738299541175
1.2380630032433728
4.14187759355585
0.583588039630697
1.2600396819148196
0.47712681752339176
1.7077763319591943
0.466074028454708
2.054787093593884
0.4994496971667918
0.7962254705797849
0.47471043805671687
1.3615616034539164
0.7251206796113321
0.3732961290986018
1.7896228652987198
2.3318662054243164
1.036327650890393
2.712508064504141
0.7857957749950046
1.6856749390081114
1.7877499825199272
0.7962254705797849
2.1173981675632008
2.1954270655159553
0.0
0.3946834174373177
0.9231332514864796
1.2682271089990151
1.9192772077008573
2.652093512680124
1.8772053696918725
0.4028647415696737
1.2631310304160848
1.5576103492208826
3.280327727529675
0.7231528192574513
0.47212286536451503
0.8741567365181143
1.8487766225263669
4.0646463560806865
3.383319375997483
10.637566686042444
0.0
1.4605307254556474
5.673272864934314
1.652876280911551
0.4487204029236915
0.967987603226405
1.3993033981235092
0.5344155686354956
1.6083221070419942
2.348137559854618
2.051127738586751
2.1741952534213667
1.5457198970059227
1.9660684118310838
1.0335134251667948
0.8024649525057154
2.2581851119870575
3.1133944497927017
0.5006995106848018
7.589087560438343
2.9737476355602204
3.2350347757018008
0.7962254705797849
0.9551308810838439
1.6034338152851835
0.962029105588807
1.3271492003539014
3.1219144767273814
7.535970408646786
0.6756848377757192
1.892485138647065
2.134642827266426
1.2939764294607534
1.8498108011361596
0.7163448890024972
0.9353475289965757
1.3554427320989995
0.7962254705797849
0.0
4.451906894803619
0.3113278015211619
0.3423448553724738
1.940264157273437
0.544426303552648
3.4693407154674216
0.8638865666278183
0.6188093405888441
3.6184319808447416
4.068719085904064
1.5797705529601442
2.157278377956818
0.6951798328490262
0.7722046360907192
0.9202445327194289
0.9683620190817068
1.5495402543980585
1.75884905549055
4.015136983964557
2.6862706490597703
1.9456040193215063
0.8162720134857008
2.639213898114361
2.1852574219070853
2.389419385541182
5.785555288820599
0.9711462299777516
1.0545852265227311
3.131157932778224
0.8937141601205612
1.2560155253817527
0.8747142390518174
3.063037707897178
1.7243911969155954
1.5014826006317887
2.278574115538049
0.532611490675896
2.4804586269478475
0.5846152580971523
1.9685718173335713
0.7459390055493813
2.1376388843768726
0.9617172141539321
1.326744135091616
1.9046587620883695
2.850052631092977
2.562547560534243
0.5812486559124245
4.433520046193543
1.8895899025979155
1.1902835796565454
0.620987117418711
0.32136427928442823
2.698017790897606
0.7863046483393062
2.175287337341897
1.5153877391611694
1.3318314457918465
4.082679879686871
0.7155766905091305
1.4741353397839698
0.881986394452885
1.1478893674914843
0.9633924433998846
1.502797391533536
1.8456638372141336
1.3562632487832147
0.5553377350765928
1.0046890066085128
1.2879829191413992
1.6488480827535326
2.4428825186651935
1.4745931642320873
6.070992505348693
0.9572094859538324
0.8672658185354707
1.2777030171366115
0.4680010683748489
2.691026755719831
0.6788961628997471
0.45620718977236646
0.8403570669661796
5.711098843480123
0.8427336471270149
3.1036712132569715
0.7418557811326942
4.140105674979806
0.6788409239284267
0.9912744322335768
0.4182403615147634
2.200289753646097
0.7962254705797849
0.7049645381152161
0.9832980219648568
0.7962254705797849
1.2901453406496495
1.183332159623831
6.2510799067041205
1.2842312875802395
2.637446681925532
0.31902194281898544
3.0354447779526477
1.7468614713250732
2.012486024796197
0.40360872141221127
0.7069653456853455
1.1933356610778043
4.410422315379787
0.3950949253027682
1.792561017092584
1.1254221430201203
1.2157199513045758
0.3868139087468288
0.4688549882426335
0.95861879806313
3.2386532694933554
0.7405403432629447
1.260634760745554
0.6551908119013881
5.450201831125155
0.48654393429576326
0.28548204847240394
0.6691412406958638
0.6561440390645944
1.2074870599720726
2.526939848908161
2.0326645074876475
10.382071084326094
1.3517858558218458
0.9551047063018797
1.0449641142163686
1.9165920275322028
1.7253043209822434
0.9746409595333042
0.8777955342789117
0.5249285665688237
0.646896436842869
4.276815404012663
0.4366062299143245
0.5564395744373327
2.742909039687609
0.7702596964660685
1.7670880000724356
0.3766629793329841
1.8334530263958222
1.550959380512591
2.21480247426266
1.6527098958982487
0.938829057922687
0.7318982169673595
0.47628772816439435
2.816824453174177
11.01371190834407
4.380453743620631
1.896911964219742
0.7094716343871684
1.5541396333663202
1.4832059870429326
1.8069172642929725
0.8523790236743276
0.3007906248539007
0.8773254812211942
0.7848566748139434
0.6090771708084288
0.7184358008896828
0.5857047037543749
0.3439840112563373
0.6730341744666463
0.742142169668319
1.5671470894590591
0.4141557677975764
0.3910882253405234
4.269815569787529
1.249889995159574
0.5442196247839654
0.43168275388298755
2.055869645673091
1.9699428925732847
2.543860255595814
2.3574244420553545
0.6010199663904686
2.2466920127155836
0.8246211251235321
1.886471574129862
0.9953768130713112
0.477964433823271
0.5174214916294065
5.622857369700925
1.566014048468276
1.020747275284142
3.773115423625416
1.2461540835707277
6.4598761598036845
2.0322647465327934
3.4171003789763037
0.39978119015281344
0.7502832798350234
0.9633924433998846
0.8964792245222418
1.665990696252533
1.7661540136692495
2.1253764372458823
1.0046890066085128
0.494368283772331
1.3318408313308314
0.7907275131168764
1.1573028989853953
2.827304369890161
2.0600728142471083
0.7995467466008476
0.7962254705797849
0.7962254705797849
1.848323564747255
0.5862166834882815
2.6489337477558776
1.047807234180028
0.7962254705797849
4.070264119194232
0.9190620218461863
6.070992505348693
1.0772302446552455
1.980713255370398
0.4025543441574069
2.0904843936274675
2.691026755719831
2.095668151210969
2.4847686008962686
2.696048033696729
1.8392797503370715
1.0041787689450519
2.104441731196186
0.7372414801135379
2.8154839726057754
2.587402172063709
1.714190771180384
1.0869682608061746
1.8353337571134032
1.8431223507949763
1.6561023519094464
2.5607176728409557
1.0725553598765893
0.588515080520457
0.5168897367911265
1.654675194713452
1.696547965723339
2.481184193082005
1.496036430037718
6.220279334563682
1.163303485768009
0.8427336471270149
0.7113191969854321
1.1964008525573693
0.4532107677449864
0.6292853089020909
0.9912744322335768
1.967669941834758
1.7169886429443848
0.6821839927761425
0.7962254705797849
4.372422097647939
0.574543296888929
0.9229165726109809
2.5463061481290894
0.4160528812542944
6.007418330697472
0.7795832219846704
0.7092954250522133
1.717316220152829
0.7962254705797849
0.7159259738269034
0.6002291229189067
0.5060385360819866
6.2510799067041205
1.4805573274952917
1.8918707672565798
1.471334428333681
0.48566964080535235
1.7468614713250732
0.8950977600240099
2.115833169226723
2.1580488873053825
1.6294170736800322
1.6564042381013158
0.7151223671512449
1.3518783229270304
1.2265194658055778
0.5398379386445529
0.9328049099356199
1.2273345102293833
2.066797038898595
4.410422315379787
16.81140238052733
1.5093458848123582
1.5847476139751717
1.9633708259012101
0.7679680982957561
0.7902689415635668
0.29038767191463205
1.598006570699883
0.39931190816202816
0.3868139087468288
0.7216300991505274
1.2772529115253564
0.7962254705797849
1.6330110226204844
1.260634760745554
16.058211295159868
1.7572350440393567
0.7860661549767933
1.8569800752835233
2.453064410079768
0.9857357658115079
2.266958314570429
1.1551731471948263
0.6701865411958077
0.6691412406958638
1.215905012737426
0.7136525765384722
0.0
1.060058960624361
10.382071084326094
1.280585803450905
1.0533280590585252
1.7589627625393325
1.3330041260251222
1.1533971562302379
1.2997403586870726
1.375236343324303
1.5594790796929596
0.8801704380402696
1.037665649426635
2.4294752519834404
0.7292461861401813
1.0010369623545377
1.6557928614413095
6.368906892081246
1.0265963179361204
1.3606340433783068
1.7402442357324446
0.3607284297085551
1.961861361054853
1.8809040379562163
1.9103533704527023
1.5357001660480474
3.3881705978300443
0.0
1.8889613548190973
1.0855873986004074
4.5978038235662035
5.276869337021716
0.5885787967638657
1.8851790365904242
0.7962254705797849
0.9775990998359194
1.526253583124377
1.4158301451798516
1.7344523631394435
1.1872236520555004
2.1471783810387066
1.1666833332142874
1.6950737447084714
0.7962254705797849
0.605
2.7306455280757334
0.9191708219912118
1.1863810517704672
1.5189634623650432
3.807686305356574
0.460217339960154
0.8277227796792836
0.3317001658124397
1.7500357139212903
0.6130252849597642
0.35818989377144633
0.8268161827153603
1.803794611367935
2.886325518717527
1.2847470568170218
1.0494760597555335
1.3100095419499813
4.979307180723037
1.882378814160423
0.5039097141353797
1.192675563596404
1.8910050237902596
0.6352361765516823
2.284945294749964
4.694715113827462
0.637808748764079
0.7962254705797849
1.8056231611274818
2.196639478840349
2.634497105711069
2.551146800950506
1.9633198924271102
1.5747777620985128
20.901583672057004
0.5580546568213547
0.9451322658760519
1.4751779553667415
0.7962254705797849
2.980708808320598
2.776684173614277
1.9807384986413528
1.8720576914187232
0.6876227163205125
2.139071060063223
1.8876639001686715
0.5157761142201139
0.7498999933324443
0.430551971311246
1.9238957871984648
0.566259657754285
1.0472105805424237
1.818887022329864
1.3394401815684043
5.2288335219243685
0.581334671252283
0.8379588295375854
0.5080600358225393
0.7757093527862094
4.134730946506677
0.6109009739720506
0.7719455939378111
2.728305334818667
0.4189272013130682
9.519199020926077
0.47188451977152207
0.6589385403814229
0.43968738894810255
1.0286641823257967
1.6946533568845281
2.454001833740146
1.2313610356024751
1.363524843924745
2.0019802696330453
5.0876738299541175
2.241372347469291
1.3362166740465409
2.694666027544044
0.4666369038128039
5.261976814848199
0.9822168803273542
0.972753822917186
0.0
0.47712681752339176
0.7962254705797849
0.7962254705797849
2.096842864880437
1.8063499107315837
1.4354528902057357
0.0
1.4654094990820825
2.981698341549661
1.9342246508614247
1.7896228652987198
1.127497228377968
1.8529031275271786
0.4562345887808157
1.9399291224165898
1.6856749390081114
0.6051652666834078
0.6610408459391901
0.7007852738178793
2.556701977157291
0.0
2.1509474656532177
1.8257121898042967
2.2095135211172616
1.320113631472685
2.652093512680124
1.797984983252085
3.2908509537808
2.3633397978284885
1.9796969465046916
3.280327727529675
2.92935573121463
1.5690124282490563
1.1588032619905761
2.68248485550245
4.0646463560806865
1.398883483353778
0.9617692030835673
1.9706407587381318
0.31760824926314496
5.673272864934314
0.5943694137487224
0.45381714379251914
8.314116008331855
1.9861835262633714
0.5344155686354956
2.094486810653149
1.3373761624913165
2.4923833974731897
2.5586813009829887
2.67454669056272
1.9999812499121086
1.1362768148651103
0.9919929435232894
1.5457198970059227
0.37639739637781766
0.4388336814785301
4.094508517514648
1.9213992297281686
1.871690412434706
1.8625453014624906
1.3540679451194464
1.148977806574174
3.1133944497927017
0.6052478831024525
3.270726219052888
0.7962254705797849
1.0418373193546102
0.7962254705797849
0.967987603226405
1.5533029324635939
5.928920643759705
0.42714166268347087
3.1219144767273814
1.9221602430598757
1.1557248807566618
1.1170944454252738
1.3368713475873435
1.2939764294607534
1.0445333886477732
0.5712048669260443
4.020780396888147
1.8384028394233947
0.7962254705797849
3.0644412214953642
0.5517472247324856
2.8067819651693644
6.952567870938046
1.940264157273437
0.8672946442818611
0.7962254705797849
3.6070555859315503
0.9220086767487603
3.6184319808447416
1.945706812446315
1.9906594384776115
1.0226436329435586
0.7477800478750419
4.015136983964557
1.4388537104236832
2.2632056910497553
0.5784029737129642
1.3066656037410642
2.1852574219070853
2.150627815313473
6.216928502082037
0.8633220719986255
2.414031897055215
3.131157932778224
0.5476769120567344
3.3808726684097405
1.0082162466455298
9.933910357960757
1.3283636550282456
2.0992320024237436
1.2785245402416021
1.1354954865608229
0.6784541251993387
3.031043549670641
0.7962254705797849
1.8961474098814153
1.7243911969155954
2.845966443934292
1.6880017772502491
0.3469510051866113
2.8485522638701926
0.5846152580971523
5.397545738574153
0.481715683780381
1.4733804668177193
1.0565273304557719
1.326744135091616
0.3711131902802701
0.8068147247045012
9.814890473153534
0.5158972765968047
4.433520046193543
1.7198691810716302
0.5026927491022722
1.8932775813387746
0.7012310603502957
2.698017790897606
2.184462176372024
1.1305861311726764
0.6168265558485627
1.6284578594486256
4.082679879686871
0.4532659263611153
1.9682606534704696
0.6024533176935787
1.5834298216214067
9.402368052783299
0.5456876395888036
1.4230249470757708
3.261770991348105
8.814093827501498
2.3529715255395676
4.71639958018826
5.251982958845163
1.1553246297037036
0.4447190124112078
1.3184839779079607
1.414284271283535
0.7722046360907192
0.7824480813446986
1.888524556366689
0.3674234614174767
1.5521356255173064
1.7253043209822434
0.701908113644514
0.0
0.5290085065478626
7.1912342473319555
4.276815404012663
1.2882158204276177
0.3566510900025402
0.6228161847608008
1.5717188043667354
1.7670880000724356
1.5610333116240664
1.5250245899656831
1.2376893794486563
4.502013438451733
1.6527098958982487
1.2490796611905903
4.293186462291151
1.0460282022966685
0.862510869496727
11.01371190834407
0.45453272709454046
1.8280180524272729
0.7217340230306453
1.8990260661718155
1.4832059870429326
1.7823860412379804
0.831745153277132
2.561381463195203
0.8378842402146015
0.7848566748139434
0.8117881497040962
2.6098611074154885
1.9936837763296364
1.8802991783224285
0.6730341744666463
0.7533591441006076
1.0736619579737376
4.575745840843872
0.5517245689653488
4.269815569787529
0.5469460668109791
0.45574115460423364
1.896720854527624
0.7518477239441508
1.9699428925732847
21.65364230331701
1.421504484692187
5.178404677118234
0.7962254705797849
0.8246211251235321
2.041451689362254
0.7962254705797849
2.6551365313294157
2.1084947237306526
5.622857369700925
2.4272669816070915
1.3194601168659854
1.51
1.1899474778325303
6.4598761598036845
0.45086028878134743
1.9490253974743377
0.7557942841805566
3.472805062193961
1.0041787689450519
2.985142375164039
1.163958762156117
0.558121850495033
3.813541660976054
1.714190771180384
5.933432817518034
1.143798496239613
1.9127009698329742
0.8349251463454673
2.5607176728409557
1.9603762393989577
1.0065907808041956
1.262210362815961
0.6842696836774226
1.696547965723339
0.48166378315169184
1.9440807596393725
0.9159011955445849
0.0
4.372422097647939
3.043957128476024
3.255840905204061
1.6590283300775788
6.007418330697472
4.218094949144697
0.9960672668048077
1.1827510304370907
0.9361089680160104
0.7679680982957561
2.442933687188418
0.4122196016688192
0.7962254705797849
2.187761412951604
2.453064410079768
1.9025574892759483
1.0123117108875113
1.708647125652339
1.5980769693603623
1.1533971562302379
2.060109220405559
5.685771715431424
8.787185271746578
1.037665649426635
0.41982139059366663
1.2390621453341233
2.0010309842678597
2.216534457210174
6.368906892081246
0.8332166584988565
0.7834538914320357
1.1396271320041482
0.33678628238097824
1.961861361054853
0.9919551401147131
1.2515090890600835
0.6266378539475572
0.9841620801473708
1.0787376882263826
0.3746998799039039
3.326931769664055
1.2856029713717996
0.7242927584892728
2.7701714748368915
0.3183551475946321
1.3277989305614009
7.720006476681221
0.7994685734911661
3.41667601624737
1.0754766385189405
1.7008306794034496
0.6440302787913003
0.5911641058115757
1.4646415943841005
1.655060421857764
2.5130061679192113
1.7799367966307118
0.8222986075629704
2.457371563276502
0.9455157322858251
4.993886262221037
0.7825599018605541
0.7153320907103218
1.3155417135157668
2.171842535728592
0.7658002350482794
0.8406842451241726
2.5812593825495336
4.408630739810264
3.6754931641889907
0.7022819946431775
2.67684048833695
2.316813544504607
1.2212186536406984
1.4768886213929606
2.110544953323667
5.751030342469078
2.503347758502602
2.676214677487589
0.8764274071479051
6.055156893095339
1.24853914636266
1.143798496239613
2.7145625798643875
1.0156894210338119
1.4413361856277667
1.0404085735902024
0.9424834216048578
1.1347466677633382
1.5715199648747706
1.325820500671188
1.636589441491054
1.0844814429025513
3.874641918939091
0.8975243729281116
0.5404627646748664
1.2349696352542439
1.2254488973433368
0.6582362797658604
8.335985244708631
0.7678053138654355
0.809135340965898
1.2408565589946325
0.3889730067755345
2.3879803181768477
1.8763728307561907
1.9393491176165265
1.2414406953213672
0.0
2.181914297125348
1.0902407990898157
0.927671816969773
1.0836397002694207
0.5635379312876818
1.468443053032701
2.512752474876903
0.7962254705797849
0.5505451843400322
1.733983852289288
2.524881185323381
1.151238463568691
1.822347387300237
1.0988289220802299
6.140187293560352
0.7154893430373369
0.6510760324263212
0.5378196723809943
1.4616258071065933
1.82988387609706
1.1917633993373014
14.412337596656553
0.4497499305169485
4.625991785552586
2.284945294749964
1.3862088587222345
0.5235694796299724
1.7154226884357102
0.39859126934743566
2.196639478840349
6.254954036601708
3.3137026118829676
1.3206437824031128
1.266777407439839
0.6747406909324499
1.3239901812324741
0.4765763317664863
0.5728001396647875
5.7422208247332325
24.657957133550216
0.3431471987354698
2.167400516748116
1.3826514383603699
1.0385326186499872
4.993886262221037
1.4070803104300764
0.7493330367733696
1.3343444083144351
0.48358039662500796
1.0773810839252749
1.3406435022033263
1.3806882341788822
4.410422315379787
0.5507040947732276
3.726382293860897
1.0168456126669378
0.8406842451241726
0.3868139087468288
1.4558073361540667
1.5392368238838363
0.49020403915104577
0.9340235543068494
1.260634760745554
15.199444068780936
0.7962254705797849
4.2109707906847325
0.7062754420196132
0.815
2.5956839175831865
0.8784218804196535
1.0069011868103046
1.874379897459424
0.8331416446199289
1.6815766411317683
1.1341737080359429
0.7493830796061518
0.8259691277523634
1.4980987951400269
1.0784595495427727
1.953484066994149
0.8708329346091591
0.6327124149248219
1.7659912230812473
1.2178054031740868
1.2433925365708127
0.3178049716414141
1.0220689800595653
2.116819548284643
2.541407090570104
1.5429355138825473
1.4676085990481251
2.306653420000499
13.245135899642555
0.5175422688051672
0.3283291031876401
0.7088899773589693
0.7019971509913697
1.777357589231835
0.34441980198589045
0.4960342730094363
0.4519679192155125
0.5463286556643354
0.42068396689201265
0.2846928169097352
0.47116875957558985
2.888741075278295
3.3694992209525734
3.242957754889817
2.6381432864800956
2.1471783810387066
0.7627089877535206
0.594663770546012
1.4017845768876187
1.2808590867070428
2.7306455280757334
2.712978068470145
0.5910795208768445
0.6373578272838579
3.029488405655318
7.806691040383243
0.6986415389883427
1.3214480693542217
0.9079234549233762
3.1257279152223085
0.6940461079784254
1.239223547226246
1.49130815058458
0.6676263925280366
3.7551165095107235
5.530165006579821
5.00419573957694
0.6221535180323262
4.039839105707058
0.7478970517390746
0.6154673021371647
1.6819408431927683
1.33893614485531
1.8936406734119333
1.0186265262597476
0.46917480750782004
2.22272917828511
0.9527853903162034
2.886325518717527
1.0203920815059278
0.43052293783258516
1.2033702672078948
4.120509677212274
1.882378814160423
0.40102992407051125
0.6144306307468729
0.5014479035752368
1.0275212893171606
0.3602776706930364
1.8695186546274418
0.328709598277872
1.3120689768453486
1.8649396773086255
0.5924314306314276
1.5127293214584028
2.6660785809874397
1.4908806122557232
1.3246508974065583
1.4941720115167463
0.4459820624195552
1.0677897733168267
0.43717845326594035
1.018368793708841
3.462690427976489
2.3160364850321336
0.5336665625650533
0.4767074574621211
0.43203009154455896
2.4911392975905624
1.050749732334013
1.6299693248647351
1.7186259046110064
0.4970915408654627
1.9220041623263984
0.7654410493303844
2.387498691099118
0.706929982388638
0.6894019147057833
1.9478257108889387
0.6004581584090601
0.4018706259482024
0.49867323970712524
0.6248599843164867
3.0328410772739147
0.4693612681080534
0.740962212261867
0.5180009652500659
0.6047106746205163
0.8890303706848265
0.7266016790511841
3.787116317199671
4.434416534336846
0.33173784830796743
1.583824485225557
1.9815398053029365
0.8875528153298822
1.2041490771495031
1.3592737031223696
1.890575309264352
1.9230899614942616
1.9981241202688085
1.9910361624038877
0.7802083055184685
0.8612926331973355
1.5170613039689596
3.501314039043056
0.7169553682064177
1.8902380802428036
0.8475700561015591
0.7802083055184685
3.3717280436001955
0.7930952023559341
2.2721575649589094
20.901583672057004
1.287691733296444
1.374690874342301
0.8713064902776749
0.47013295991666015
2.980708808320598
1.1001818031580053
1.1276413436904484
1.008526152362942
0.7962254705797849
2.139071060063223
0.889170962188937
1.15013042738639
1.1503151742022706
0.6837214345038481
2.5627719367903183
0.5652875374532857
0.9461500938011896
1.1994686323535102
0.581334671252283
1.5291582651903628
1.4741522987805569
1.1871288893797505
0.5297405025104273
1.401258363043732
2.876186711602708
0.38512984823303426
0.4133098111586513
0.8061637550770935
1.3870291994042518
1.7620300791984227
2.99615169842917
4.10324262017249
12.27883239563111
1.5063200191194432
1.3602113806317015
1.3150475276582212
0.6443601477434805
7.139352211510509
0.6122703651165881
7.838997065951741
0.43789268091622635
2.7981824458029894
1.2043047787001429
1.8788094634634986
1.45056023659826
0.30793668180325645
0.8788486786699973
1.0367497287195209
0.6823672031978091
1.9238957871984648
1.9890010055301632
4.272844485819721
1.1216394251273445
0.6180817098086627
5.2288335219243685
1.6363220954323143
1.907727705937092
1.188749342796874
1.8798404187589965
2.0843943964614757
28.023929060715236
0.747846909467439
0.5317894320123332
3.999012378075367
0.7985455528647066
3.277029905264827
0.41088319508103516
0.8696694774453109
0.7409959514059439
1.6659681869711678
0.5913121003328107
2.1860180694587132
1.0324606530032996
0.9467840302835699
3.0497131012605103
2.243635442758025
1.270147629214809
0.9027596579378145
1.2967844847930592
1.1361557991754476
4.756929156504225
1.943540583574215
1.1018280265086744
2.3657187068626735
4.024928570794766
5.380636579439277
0.5121035051627747
1.2235603785674003
7.437731509001922
0.47963527810201784
3.3526817624105036
2.92935573121463
4.000834287995443
1.0165505398159012
1.0825433016743486
0.5598883817333594
2.15974535536021
0.5411330705103875
3.1176633878595683
2.097897757279892
1.9896482101115263
0.45414755311462374
1.544498300419913
0.740337760755184
1.0010869093140715
0.993919010785084
0.9882180933377004
2.9413177319018087
0.6790434448545984
1.5178026880988187
0.4422103571830945
0.9441662989113729
1.5544774041458433
0.4223742416388575
1.1159973118247193
1.3648626304504055
1.5964491849100615
1.6118622769951532
2.137042348667897
1.9338110042090464
3.6916155000216366
1.9068232744541378
7.109256290217704
0.8069076774947677
1.462566237816257
1.1754998936622665
3.767947053768139
0.43560303029249003
0.5707451270050407
0.729143332959988
0.9910978760949899
2.8531342414965337
0.9777780934342925
0.772156072306629
0.9806885336333856
2.2769497139814043
0.7962254705797849
0.663664071650711
0.9898105879409453
1.911406550161425
0.6439720490828775
0.8939239341241513
1.5843216213887885
0.838868285251028
1.817230034970807
0.7411477585475112
1.1988431924150882
3.386181477712026
0.9608199623238476
1.2249795916667348
0.9488809198208171
4.704391565335522
39.09999584398955
2.5021290933922655
0.9440471386535738
1.0823700845829027
0.9322285127585404
4.216017077764273
0.0
1.5376199140229683
2.5666222939887358
2.483742136374064
0.5266640295292626
1.3799275343292488
0.7962254705797849
5.682052886061515
1.5453963892801097
1.4361145497487309
2.2011076756942174
1.0219955968593994
1.6920845132557654
4.500549966392996
1.348452817120421
0.6286095767644652
1.75808134055282
1.3534031180694095
0.4742098691507801
1.0911118182844506
0.36949289573684635
1.1016238014857886
0.9653237798790621
0.4419841626121913
1.8855171704336189
1.856582882609877
0.8502352615599991
1.5379125462782335
2.179610056867971
1.69849197819713
1.2976420924122336
0.802013092162466
1.600085935192232
0.5093623464686019
1.2415816525706234
2.111166739033182
1.272035769937308
1.0858982456933983
0.826347384578665
1.175925167687128
0.3003747659175118
0.7251896303726357
0.897552226892675
2.935715415363008
2.4453834055215147
1.941275353987682
0.6984268036093689
0.7962254705797849
1.041069161967638
1.2445681982117331
1.2159152931022785
0.7951886568607478
9.033609466874246
3.2296710358796608
1.58136017402741
0.6030339957249508
1.0988857993440446
2.2495332849282312
1.3636440151300486
0.6644734757685968
0.7962254705797849
0.7189923504460948
1.740071837597517
1.9301360055705918
0.63608175575157
5.510319863673978
0.47116875957558985
1.0541584321154007
1.3796557541647845
0.5898940582850449
5.135399205514601
0.5970343373709757
1.7948398257226186
0.7021751918146923
1.152291195835497
0.679540285781498
0.7962254705797849
1.74758404661979
0.36445164288283843
1.5801740410473777
0.6453100030218034
0.8268917704270614
1.2562543532262884
1.0586548068185397
5.768119277546192
0.6965091528472543
4.680194974571038
1.9653689221110626
2.2340602050974363
1.2097830383998611
0.9697422337920526
1.5545819373709449
1.8868492255609615
1.5970050093847545
0.7633151380655305
0.8947066558375432
4.996493770635564
0.6366317616958802
0.6280326424637497
1.6632047378479897
0.7962254705797849
0.6651691514193965
1.0203920815059278
0.6446316777819718
0.7517645908128422
1.5191280393699538
20.760515407860183
1.1860227653801592
0.7962254705797849
0.7962254705797849
2.6260712100017396
1.45722338713047
10.845346928521927
0.4107006208906921
0.5200480747007915
0.5486346689738081
1.316282644419503
2.766401091671271
0.4729693436154187
1.9344702117117234
0.5939065583069445
1.2558065137591858
0.7402026749478822
0.44760473634670134
3.0341473266801002
0.7080960386840192
1.4655118559738778
2.813076607559773
2.077823380367061
1.1502065031984474
0.9724068078741531
1.347905783057555
1.4716062652761437
0.8139410298049853
1.414946995473682
1.5236141243766415
1.6978000471198014
0.49527769988159165
2.789695323866031
7.171042462571254
0.9256214128897408
0.664529909033446
1.5472475561460746
2.0082019320775486
3.7788424153436195
0.6782145678175897
0.38291643997091585
0.5605354582896607
1.8852718636843866
1.6065335352864565
0.8632207133752062
2.283757868076211
1.5922860923841544
0.8756711711595855
2.106205118216172
1.2292375685765546
3.561899072124307
0.5691880181451469
1.5477322119798371
6.492880716600298
0.9832853095617772
17.63685629583685
1.7751056306597643
0.6201007982578316
0.8333816652650813
2.144119866052269
1.1654827326048207
0.5297640984438262
0.7352210551936064
5.764186846381717
1.4103545653487282
2.452192896164574
1.1406029107450146
0.8416501648547334
0.5328930474307204
5.089599689563021
0.5959236528281119
2.146258372144416
0.46338428976390644
0.40942032191868544
1.8157298807917437
12.575334985597799
6.679702463433532
2.2574709300453906
0.5478594710324902
3.5467238403912984
6.470372864062782
2.9845560808937734
1.596065474847445
0.632376470150495
6.0253423139270685
0.5554952745073535
1.460676213265623
4.769260949036024
1.2878179219128767
1.9452634782979914
0.6850729888121411
2.1907818239158368
2.6643432586661953
1.3309113419007292
1.6250076922894858
1.972086458550943
0.4779121258139408
6.10421370857869
2.2138371665504217
3.359750734801616
0.6942261879243681
1.0837089092556174
0.5014229751417459
0.8806673605851417
1.428355697996826
3.0895307086999475
6.573790763326743
1.2613881242504228
2.3262845913602233
0.48078061524982474
0.5860247435049137
0.5587038571551122
0.5824731753480155
0.3167412192942371
1.5416630630588515
1.9903517277104568
0.9833870041850258
1.3348408144793895
1.3198863587445702
2.334186153673267
1.5557474088038843
1.179512611208545
0.0
3.930327594488785
0.8157205403813245
1.0816307133213259
2.3024660692396752
1.5031550152928341
0.5106858133921481
1.007807025178928
4.978554006938159
1.2912009913255178
1.3921745580206528
2.3100270561186074
0.9651554278974968
1.1324310133513653
0.5188207783040305
1.5543246121708296
1.8959364440824487
0.669776081985614
1.6266914274071773
3.6727612228403848
5.618703142185036
0.9766908415665625
1.238285104489269
0.8542394277952756
3.45297697646538
1.5996718413474682
1.3961822946879108
0.6581413222097515
4.735981946756132
2.892719308885672
2.8325783307792216
0.5321184078755404
0.676720030736493
1.886073964615386
1.1184140557056674
0.6173127246380071
0.6357869139892705
0.9227133899537819
1.1908400396358865
9.401442708435765
0.5216799785308998
1.1833638493717813
5.220146070753193
0.0
3.6759352551425604
0.7235157220130051
0.45409250158970915
1.5023980830658699
3.91156298683787
0.8861856464646671
0.8350598780925832
1.881761143184756
6.070366545769703
4.227398727349953
5.219899424318442
0.9918543239810975
0.6334824385884742
1.3706476571314745
2.552831761005805
3.2708981946859796
1.9669583117087155
1.6674906296588297
0.7024599632719292
1.8793216861410396
0.652265283454516
4.310701799011386
2.306859336847394
0.455411901469428
2.233455842411038
12.728740118330643
0.8768979416100827
4.385983356101571
9.836769032563486
2.8543913536864562
5.222985257494032
1.7348486965727012
1.9678033438329148
0.7339618518697003
0.7932212806020776
1.4927240200385334
0.3323401871576773
0.3344772040064913
2.9266277522090163
0.741670411975562
1.3804437692278524
1.2431311274358792
14.42339072479145
0.925526876973327
2.991291527083243
1.7329671087473069
2.8339857092088523
1.2154217375051344
1.2496599537474185
1.3544648389677747
0.44494381667801614
1.837715973702139
2.174246996088531
0.6690478308760891
0.7714434522374275
2.6297243201522096
0.40074929819027755
1.030412538743585
0.7443285564856423
1.7577826941917478
3.6330255985885924
2.831377756499475
0.44209727436391194
2.562542682571356
1.2068761328321975
2.573815261435832
0.9208012814934611
2.8251548630119374
7.893734857467662
2.3837365626259963
2.102421223256653
0.6009991680526688
0.6298015560476172
0.7203124322125781
2.8713324433092033
0.7336381942074717
1.2470866048514835
2.7354752786307537
1.5032215405588094
12.259249569202838
2.132434055252354
1.7047947090485704
1.9268886838631856
1.295115824936133
0.4361479106908573
0.8054657038012233
0.7406922437828009
0.7962254705797849
1.9870140915454022
1.4979068729397031
0.8078520904224981
0.6549618309489492
2.931445888976974
2.3238007659866198
0.5227332015474051
1.4203168660548955
1.635259918178147
0.46416591861100703
1.5237864023543457
2.590241301500692
1.3115067670431595
2.717944995764263
3.2226037609361784
1.0776131031126153
1.72869170183697
2.7122545971940024
0.8551315688243535
2.524668295043925
0.5138093031466052
1.0240971633590243
1.6814130961783307
1.1736162064320688
2.3627579224287873
0.32210246816812815
1.3901528692917193
0.9032856690992058
1.7455872937209413
2.608754492090047
0.71773950706367
0.7111961754677819
1.154816002660164
1.3889114442612964
0.9721239632886333
0.4809885653526495
0.5831166264136189
0.8040988745173071
1.0769633234237832
0.3802959373961284
1.3359266446927391
2.0076354250709962
3.0679757169834314
0.9125787637239867
4.498433060522297
0.8459757679744734
1.0226680790950697
0.8447040901996391
0.5294572692862003
3.3126273560423303
1.5024812810813983
3.2736371210016544
2.1464854996016163
0.5418256177037036
0.6012279101971232
2.9614439045843834
1.3972383475985763
3.099786282955649
1.387885081698049
0.8601889327351289
15.162394270035323
1.7699858756498594
1.6983300621492867
0.688131528125256
1.1019187810360618
0.4821306876771069
0.3590960874195095
0.6027022482121666
1.3082335418418227
0.7529940238806679
0.5930640774823577
2.6587214972614186
1.1781659475642638
1.1432738079742752
0.9276313923105449
0.417672120209142
0.3894868418830089
0.39191835884530846
3.1754251683829677
0.6042971123545107
0.4633303357217181
0.8790904390334364
2.1582863572751414
1.0514870422406546
0.811480129146734
0.565619129803793
1.2750000000000001
1.646754383628597
2.899616353933741
0.641482657598785
1.8287495727955756
0.32225766088644037
0.44209727436391194
4.939703938496719
3.4793929068157854
0.47581509013481277
2.82689759276844
1.8344208895452536
0.757116239424304
0.3568262882692361
0.5002749244165652
0.6765722430014403
0.682477105843119
1.2117755567760888
1.6274135921762483
1.3911416175213795
0.4524102120863321
5.850683720728715
1.5734039532173547
1.4651706385264482
12.987571943977827
3.2353400130434515
0.7442613788179526
1.835755975068582
3.886241757791195
11.449272902678143
0.5568213357981175
0.5309896420835344
2.4226535039084727
2.248277118150696
1.2396269600166012
1.8752399846419658
2.043899459366825
0.45806658904574127
1.0371716347837516
3.064098562383397
1.4476360039733744
0.617636624561724
0.3790778284204973
1.5206084308591743
2.0161721156686996
1.0457652700295608
3.5499507038830833
1.997905152903911
3.0690144998028277
2.2727021362246305
2.244331749095931
1.2167682605985415
2.41479812820865
1.1879288699244581
2.398098204828151
1.4700170067043443
13.29597119431296
5.091586196854571
1.225
2.028842034264866
1.249779980636592
1.3573503600765722
0.9325368625421732
0.7962254705797849
1.1783462988442743
0.6431174076325411
0.6939560504815849
0.5286539510870981
0.2975735203273302
2.3595709355728216
0.816899626637202
4.2616047446941865
1.8785965506196374
1.2717311036535985
0.7820645753388911
0.4278434293056281
0.5407864643276493
1.4288806808127823
0.6976209572540091
0.8884959200806721
2.1814444755711753
0.41127849445357584
0.802807573457052
0.950013157803617
1.4954514368577803
2.8389214501285522
1.9871587757398752
2.9326864817092195
0.82365041127896
0.9113863066779092
1.508633487630445
3.513488295127792
1.9675492369951
0.5030656020838634
0.8756997202237763
1.1285278020500868
0.5838878316937252
0.5934222779774956
0.7665344088819497
1.7801264000064714
1.4656739064334878
2.676345456027678
0.5449770637375485
0.46443514078932485
0.6270765503509121
0.5166478491196881
1.8499391881897091
4.3650973643207545
1.7757111251552151
0.7962254705797849
0.48915743886810104
1.2325785978995416
0.7867337542015087
0.7728195132112025
4.044360270796854
3.6466697135880017
1.1715374513859982
0.6934695379034324
1.230772115381235
1.0390741070780274
2.912168436062722
0.4755523104769863
5.058618882659575
2.546541772679176
3.3132423696433677
2.213967027758092
0.8293973715897585
1.2657310140784257
1.514546136636319
0.8066287869894057
1.7031661692271838
1.1802648007968382
0.517880295048962
0.5458021619598076
1.4918780110987626
2.4981343038355646
0.9668376285602459
0.9126883367283708
3.619595971928359
2.228396284326466
1.8730122797248288
1.8083210445050957
0.5802801047769948
1.5293544389709013
10.923313370951142
1.6706585527868942
1.7986522732312658
0.8021845174272563
0.6605490140784407
2.8453997961622193
2.075620389184882
0.5859394166635319
0.49987498437109257
1.0715992721162142
0.8244240413767663
0.7962254705797849
1.3379275017727978
0.8684324959373642
0.5624499977775802
1.7065681937736916
1.472234695963928
39.4214716239767
0.9254458385016381
1.3678632972632903
1.3654211804421374
1.2726154171626243
1.1434596626029272
3.9704817088106577
1.258799030822633
2.4068340200354488
0.6806430782723056
1.8997236641153892
1.1880446119569754
1.918254414826146
1.5952821067134177
1.1647531927408483
15.59139907128286
0.7424284477308234
1.0109525211403352
1.9693717272267315
1.7970044518587036
2.2900218339570477
1.209659042871172
0.7459054899918621
1.5796202075182504
2.1861553009793244
0.49101934788763674
1.2880411484110281
0.8282360774561803
1.5982725049252395
2.8762301715961467
3.505930689560192
1.8778311958213922
11.674588857857051
2.1946070263261257
0.9001111042532471
3.7507432596753407
1.4147172862448525
0.8957678270623477
0.9906942010529788
1.0339970986419642
0.7962254705797849
7.042474707089831
2.251599431515295
2.1695794523363277
1.0044650317457546
2.4995549603879486
9.47313174193202
5.272274177240785
1.8603494295427405
0.4836837809974612
1.4344598286463097
1.1245665831777147
0.9086253353280438
1.469455681536534
3.4317306129706626
0.8244088791370456
1.8182271585255787
0.8543857442630934
1.1468325945838826
1.895514442044692
0.6801102851743973
1.862001611170087
0.6096925454686157
1.6201928897510938
1.5110923201446032
0.7367156846436758
2.566398254363496
1.6446580191638625
0.7066116330771806
2.121715108114188
1.2360117313359125
1.3833022084851885
0.7962254705797849
1.8650067024008252
1.8745399435594858
1.9959333656212073
0.5600223209837265
1.8475050744179298
1.7727168414611512
2.202152356218797
0.5806031346797914
1.175478625922224
1.41051409067758
1.3982131454109563
0.6248799884777877
1.5214713273670326
1.5932906200690444
0.677255490933813
0.5580322571321482
1.689578349766592
0.7962254705797849
0.6578943684209495
2.4555803794622566
2.7403877462870105
2.078833807691226
1.2041490771495031
0.3922690403281911
1.5012328267127655
1.9605228894353668
1.1034491379306977
3.267437834144668
1.9121780774812789
2.027683407240884
MAX VALUE: 45.204026092816115
